0 1 0
0.001 1 0.001
0.001 1 0.001
0.002 1 0.001
0.003 1 0.001
0.004 1 0.001
0.005 1 0.001
0.006 1 0.001
0.007 1 0.001
0.008 1 0.001
0.009 1 0.001
0.01 1 0.001
0.011 1 0.001
0.012 1 0.001
0.013 1 0.001
0.014 1 0.001
0.015 1 0.001
0.016 1 0.001
0.017 1 0.001
0.018 1 0.001
0.019 1 0.001
0.02 1 0.001
0.021 1 0.001
0.022 1 0.001
0.023 1 0.001
0.024 1 0.001
0.025 1 0.001
0.026 1 0.001
0.027 1 0.001
0.028 1 0.001
0.029 1 0.001
0.03 1 0.001
0.031 1 0.001
0.032 1 0.001
0.033 1 0.001
0.034 1 0.001
0.035 1 0.001
0.036 1 0.001
0.037 1 0.001
0.038 1 0.001
0.039 1 0.001
0.04 1 0.001
0.041 1 0.001
0.042 1 0.001
0.043 1 0.001
0.044 1 0.001
0.045 1 0.001
0.046 1 0.001
0.047 1 0.001
0.048 1 0.001
0.049 1 0.001
0.05 1 0.001
0.051 1 0.001
0.052 1 0.001
0.053 1 0.001
0.054 1 0.001
0.055 1 0.001
0.056 1 0.001
0.057 1 0.001
0.058 1 0.001
0.059 1 0.001
0.06 1 0.001
0.061 1 0.001
0.062 1 0.001
0.063 1 0.001
0.064 1 0.001
0.065 1 0.001
0.066 1 0.001
0.067 1 0.001
0.068 1 0.001
0.069 1 0.001
0.07 1 0.001
0.071 1 0.001
0.072 1 0.001
0.073 1 0.001
0.074 1 0.001
0.075 1 0.001
0.076 1 0.001
0.077 1 0.001
0.078 1 0.001
0.079 1 0.001
0.08 1 0.001
0.081 1 0.001
0.082 1 0.001
0.083 1 0.001
0.084 1 0.001
0.085 1 0.001
0.086 1 0.001
0.087 1 0.001
0.088 1 0.001
0.089 1 0.001
0.09 1 0.001
0.091 1 0.001
0.092 1 0.001
0.093 1 0.001
0.094 1 0.001
0.095 1 0.001
0.096 1 0.001
0.097 1 0.001
0.098 1 0.001
0.099 1 0.001
0.1 1 0.001
0.101 1 0.001
0.102 1 0.001
0.103 1 0.001
0.104 1 0.001
0.105 1 0.001
0.106 1 0.001
0.107 1 0.001
0.108 1 0.001
0.109 1 0.001
0.11 1 0.001
0.111 1 0.001
0.112 1 0.001
0.113 1 0.001
0.114 1 0.001
0.115 1 0.001
0.116 1 0.001
0.117 1 0.001
0.118 1 0.001
0.119 1 0.001
0.12 1 0.001
0.121 1 0.001
0.122 1 0.001
0.123 1 0.001
0.124 1 0.001
0.125 1 0.001
0.126 1 0.001
0.127 1 0.001
0.128 1 0.001
0.129 1 0.001
0.13 1 0.001
0.131 1 0.001
0.132 1 0.001
0.133 1 0.001
0.134 1 0.001
0.135 1 0.001
0.136 1 0.001
0.137 1 0.001
0.138 1 0.001
0.139 1 0.001
0.14 1 0.001
0.141 1 0.001
0.142 1 0.001
0.143 1 0.001
0.144 1 0.001
0.145 1 0.001
0.146 1 0.001
0.147 1 0.001
0.148 1 0.001
0.149 1 0.001
0.15 1 0.001
0.151 1 0.001
0.152 1 0.001
0.153 1 0.001
0.154 1 0.001
0.155 1 0.001
0.156 1 0.001
0.157 1 0.001
0.158 1 0.001
0.159 1 0.001
0.16 1 0.001
0.161 1 0.001
0.162 1 0.001
0.163 1 0.001
0.164 1 0.001
0.165 1 0.001
0.166 1 0.001
0.167 1 0.001
0.168 1 0.001
0.169 1 0.001
0.17 1 0.001
0.171 1 0.001
0.172 1 0.001
0.173 1 0.001
0.174 1 0.001
0.175 1 0.001
0.176 1 0.001
0.177 1 0.001
0.178 1 0.001
0.179 1 0.001
0.18 1 0.001
0.181 1 0.001
0.182 1 0.001
0.183 1 0.001
0.184 1 0.001
0.185 1 0.001
0.186 1 0.001
0.187 1 0.001
0.188 1 0.001
0.189 1 0.001
0.19 1 0.001
0.191 1 0.001
0.192 1 0.001
0.193 1 0.001
0.194 1 0.001
0.195 1 0.001
0.196 1 0.001
0.197 1 0.001
0.198 1 0.001
0.199 1 0.001
0.2 1 0.001
0.201 1 0.001
0.202 1 0.001
0.203 1 0.001
0.204 1 0.001
0.205 1 0.001
0.206 1 0.001
0.207 1 0.001
0.208 1 0.001
0.209 1 0.001
0.21 1 0.001
0.211 1 0.001
0.212 1 0.001
0.213 1 0.001
0.214 1 0.001
0.215 1 0.001
0.216 1 0.001
0.217 1 0.001
0.218 1 0.001
0.219 1 0.001
0.22 1 0.001
0.221 1 0.001
0.222 1 0.001
0.223 1 0.001
0.224 1 0.001
0.225 1 0.001
0.226 1 0.001
0.227 1 0.001
0.228 1 0.001
0.229 1 0.001
0.23 1 0.001
0.231 1 0.001
0.232 1 0.001
0.233 1 0.001
0.234 1 0.001
0.235 1 0.001
0.236 1 0.001
0.237 1 0.001
0.238 1 0.001
0.239 1 0.001
0.24 1 0.001
0.241 1 0.001
0.242 1 0.001
0.243 1 0.001
0.244 1 0.001
0.245 1 0.001
0.246 1 0.001
0.247 1 0.001
0.248 1 0.001
0.249 1 0.001
0.25 1 0.001
0.251 1 0.001
0.252 1 0.001
0.253 1 0.001
0.254 1 0.001
0.255 1 0.001
0.256 1 0.001
0.257 1 0.001
0.258 1 0.001
0.259 1 0.001
0.26 1 0.001
0.261 1 0.001
0.262 1 0.001
0.263 1 0.001
0.264 1 0.001
0.265 1 0.001
0.266 1 0.001
0.267 1 0.001
0.268 1 0.001
0.269 1 0.001
0.27 1 0.001
0.271 1 0.001
0.272 1 0.001
0.273 1 0.001
0.274 1 0.001
0.275 1 0.001
0.276 1 0.001
0.277 1 0.001
0.278 1 0.001
0.279 1 0.001
0.28 1 0.001
0.281 1 0.001
0.282 1 0.001
0.283 1 0.001
0.284 1 0.001
0.285 1 0.001
0.286 1 0.001
0.287 1 0.001
0.288 1 0.001
0.289 1 0.001
0.29 1 0.001
0.291 1 0.001
0.292 1 0.001
0.293 1 0.001
0.294 1 0.001
0.295 1 0.001
0.296 1 0.001
0.297 1 0.001
0.298 1 0.001
0.299 1 0.001
0.3 1 0.001
0.301 1 0.001
0.302 1 0.001
0.303 1 0.001
0.304 1 0.001
0.305 1 0.001
0.306 1 0.001
0.307 1 0.001
0.308 1 0.001
0.309 1 0.001
0.31 1 0.001
0.311 1 0.001
0.312 1 0.001
0.313 1 0.001
0.314 1 0.001
0.315 1 0.001
0.316 1 0.001
0.317 1 0.001
0.318 1 0.001
0.319 1 0.001
0.32 1 0.001
0.321 1 0.001
0.322 1 0.001
0.323 1 0.001
0.324 1 0.001
0.325 1 0.001
0.326 1 0.001
0.327 1 0.001
0.328 1 0.001
0.329 1 0.001
0.33 1 0.001
0.331 1 0.001
0.332 1 0.001
0.333 1 0.001
0.334 1 0.001
0.335 1 0.001
0.336 1 0.001
0.337 1 0.001
0.338 1 0.001
0.339 1 0.001
0.34 1 0.001
0.341 1 0.001
0.342 1 0.001
0.343 1 0.001
0.344 1 0.001
0.345 1 0.001
0.346 1 0.001
0.347 1 0.001
0.348 1 0.001
0.349 1 0.001
0.35 1 0.001
0.351 1 0.001
0.352 1 0.001
0.353 1 0.001
0.354 1 0.001
0.355 1 0.001
0.356 1 0.001
0.357 1 0.001
0.358 1 0.001
0.359 1 0.001
0.36 1 0.001
0.361 1 0.001
0.362 1 0.001
0.363 1 0.001
0.364 1 0.001
0.365 1 0.001
0.366 1 0.001
0.367 1 0.001
0.368 1 0.001
0.369 1 0.001
0.37 1 0.001
0.371 1 0.001
0.372 1 0.001
0.373 1 0.001
0.374 1 0.001
0.375 1 0.001
0.376 1 0.001
0.377 1 0.001
0.378 1 0.001
0.379 1 0.001
0.38 1 0.001
0.381 1 0.001
0.382 1 0.001
0.383 1 0.001
0.384 1 0.001
0.385 1 0.001
0.386 1 0.001
0.387 1 0.001
0.388 1 0.001
0.389 1 0.001
0.39 1 0.001
0.391 1 0.001
0.392 1 0.001
0.393 1 0.001
0.394 1 0.001
0.395 1 0.001
0.396 1 0.001
0.397 1 0.001
0.398 1 0.001
0.399 1 0.001
0.4 1 0.001
0.401 1 0.001
0.402 1 0.001
0.403 1 0.001
0.404 1 0.001
0.405 1 0.001
0.406 1 0.001
0.407 1 0.001
0.408 1 0.001
0.409 1 0.001
0.41 1 0.001
0.411 1 0.001
0.412 1 0.001
0.413 1 0.001
0.414 1 0.001
0.415 1 0.001
0.416 1 0.001
0.417 1 0.001
0.418 1 0.001
0.419 1 0.001
0.42 1 0.001
0.421 1 0.001
0.422 1 0.001
0.423 1 0.001
0.424 1 0.001
0.425 1 0.001
0.426 1 0.001
0.427 1 0.001
0.428 1 0.001
0.429 1 0.001
0.43 1 0.001
0.431 1 0.001
0.432 1 0.001
0.433 1 0.001
0.434 1 0.001
0.435 1 0.001
0.436 1 0.001
0.437 1 0.001
0.438 1 0.001
0.439 1 0.001
0.44 1 0.001
0.441 1 0.001
0.442 1 0.001
0.443 1 0.001
0.444 1 0.001
0.445 1 0.001
0.446 1 0.001
0.447 1 0.001
0.448 1 0.001
0.449 1 0.001
0.45 1 0.001
0.451 1 0.001
0.452 1 0.001
0.453 1 0.001
0.454 1 0.001
0.455 1 0.001
0.456 1 0.001
0.457 1 0.001
0.458 1 0.001
0.459 1 0.001
0.46 1 0.001
0.461 1 0.001
0.462 1 0.001
0.463 1 0.001
0.464 1 0.001
0.465 1 0.001
0.466 1 0.001
0.467 1 0.001
0.468 1 0.001
0.469 1 0.001
0.47 1 0.001
0.471 1 0.001
0.472 1 0.001
0.473 1 0.001
0.474 1 0.001
0.475 1 0.001
0.476 1 0.001
0.477 1 0.001
0.478 1 0.001
0.479 1 0.001
0.48 1 0.001
0.481 1 0.001
0.482 1 0.001
0.483 1 0.001
0.484 1 0.001
0.485 1 0.001
0.486 1 0.001
0.487 1 0.001
0.488 1 0.001
0.489 1 0.001
0.49 1 0.001
0.491 1 0.001
0.492 1 0.001
0.493 1 0.001
0.494 1 0.001
0.495 1 0.001
0.496 1 0.001
0.497 1 0.001
0.498 1 0.001
0.499 1 0.001
0.5 1 0.001
0.501 1 0.001
0.502 1 0.001
0.503 1 0.001
0.504 1 0.001
0.505 1 0.001
0.506 1 0.001
0.507 1 0.001
0.508 1 0.001
0.509 1 0.001
0.51 1 0.001
0.511 1 0.001
0.512 1 0.001
0.513 1 0.001
0.514 1 0.001
0.515 1 0.001
0.516 1 0.001
0.517 1 0.001
0.518 1 0.001
0.519 1 0.001
0.52 1 0.001
0.521 1 0.001
0.522 1 0.001
0.523 1 0.001
0.524 1 0.001
0.525 1 0.001
0.526 1 0.001
0.527 1 0.001
0.528 1 0.001
0.529 1 0.001
0.53 1 0.001
0.531 1 0.001
0.532 1 0.001
0.533 1 0.001
0.534 1 0.001
0.535 1 0.001
0.536 1 0.001
0.537 1 0.001
0.538 1 0.001
0.539 1 0.001
0.54 1 0.001
0.541 1 0.001
0.542 1 0.001
0.543 1 0.001
0.544 1 0.001
0.545 1 0.001
0.546 1 0.001
0.547 1 0.001
0.548 1 0.001
0.549 1 0.001
0.55 1 0.001
0.551 1 0.001
0.552 1 0.001
0.553 1 0.001
0.554 1 0.001
0.555 1 0.001
0.556 1 0.001
0.557 1 0.001
0.558 1 0.001
0.559 1 0.001
0.56 1 0.001
0.561 1 0.001
0.562 1 0.001
0.563 1 0.001
0.564 1 0.001
0.565 1 0.001
0.566 1 0.001
0.567 1 0.001
0.568 1 0.001
0.569 1 0.001
0.57 1 0.001
0.571 1 0.001
0.572 1 0.001
0.573 1 0.001
0.574 1 0.001
0.575 1 0.001
0.576 1 0.001
0.577 1 0.001
0.578 1 0.001
0.579 1 0.001
0.58 1 0.001
0.581 1 0.001
0.582 1 0.001
0.583 1 0.001
0.584 1 0.001
0.585 1 0.001
0.586 1 0.001
0.587 1 0.001
0.588 1 0.001
0.589 1 0.001
0.59 1 0.001
0.591 1 0.001
0.592 1 0.001
0.593 1 0.001
0.594 1 0.001
0.595 1 0.001
0.596 1 0.001
0.597 1 0.001
0.598 1 0.001
0.599 1 0.001
0.6 1 0.001
0.601 1 0.001
0.602 1 0.001
0.603 1 0.001
0.604 1 0.001
0.605 1 0.001
0.606 1 0.001
0.607 1 0.001
0.608 1 0.001
0.609 1 0.001
0.61 1 0.001
0.611 1 0.001
0.612 1 0.001
0.613 1 0.001
0.614 1 0.001
0.615 1 0.001
0.616 1 0.001
0.617 1 0.001
0.618 1 0.001
0.619 1 0.001
0.62 1 0.001
0.621 1 0.001
0.622 1 0.001
0.623 1 0.001
0.624 1 0.001
0.625 1 0.001
0.626 1 0.001
0.627 1 0.001
0.628 1 0.001
0.629 1 0.001
0.63 1 0.001
0.631 1 0.001
0.632 1 0.001
0.633 1 0.001
0.634 1 0.001
0.635 1 0.001
0.636 1 0.001
0.637 1 0.001
0.638 1 0.001
0.639 1 0.001
0.64 1 0.001
0.641 1 0.001
0.642 1 0.001
0.643 1 0.001
0.644 1 0.001
0.645 1 0.001
0.646 1 0.001
0.647 1 0.001
0.648 1 0.001
0.649 1 0.001
0.65 1 0.001
0.651 1 0.001
0.652 1 0.001
0.653 1 0.001
0.654 1 0.001
0.655 1 0.001
0.656 1 0.001
0.657 1 0.001
0.658 1 0.001
0.659 1 0.001
0.66 1 0.001
0.661 1 0.001
0.662 1 0.001
0.663 1 0.001
0.664 1 0.001
0.665 1 0.001
0.666 1 0.001
0.667 1 0.001
0.668 1 0.001
0.669 1 0.001
0.67 1 0.001
0.671 1 0.001
0.672 1 0.001
0.673 1 0.001
0.674 1 0.001
0.675 1 0.001
0.676 1 0.001
0.677 1 0.001
0.678 1 0.001
0.679 1 0.001
0.68 1 0.001
0.681 1 0.001
0.682 1 0.001
0.683 1 0.001
0.684 1 0.001
0.685 1 0.001
0.686 1 0.001
0.687 1 0.001
0.688 1 0.001
0.689 1 0.001
0.69 1 0.001
0.691 1 0.001
0.692 1 0.001
0.693 1 0.001
0.694 1 0.001
0.695 1 0.001
0.696 1 0.001
0.697 1 0.001
0.698 1 0.001
0.699 1 0.001
0.7 1 0.001
0.701 1 0.001
0.702 1 0.001
0.703 1 0.001
0.704 1 0.001
0.705 1 0.001
0.706 1 0.001
0.707 1 0.001
0.708 1 0.001
0.709 1 0.001
0.71 1 0.001
0.711 1 0.001
0.712 1 0.001
0.713 1 0.001
0.714 1 0.001
0.715 1 0.001
0.716 1 0.001
0.717 1 0.001
0.718 1 0.001
0.719 1 0.001
0.72 1 0.001
0.721 1 0.001
0.722 1 0.001
0.723 1 0.001
0.724 1 0.001
0.725 1 0.001
0.726 1 0.001
0.727 1 0.001
0.728 1 0.001
0.729 1 0.001
0.73 1 0.001
0.731 1 0.001
0.732 1 0.001
0.733 1 0.001
0.734 1 0.001
0.735 1 0.001
0.736 1 0.001
0.737 1 0.001
0.738 1 0.001
0.739 1 0.001
0.74 1 0.001
0.741 1 0.001
0.742 1 0.001
0.743 1 0.001
0.744 1 0.001
0.745 1 0.001
0.746 1 0.001
0.747 1 0.001
0.748 1 0.001
0.749 1 0.001
0.75 1 0.001
0.751 1 0.001
0.752 1 0.001
0.753 1 0.001
0.754 1 0.001
0.755 1 0.001
0.756 1 0.001
0.757 1 0.001
0.758 1 0.001
0.759 1 0.001
0.76 1 0.001
0.761 1 0.001
0.762 1 0.001
0.763 1 0.001
0.764 1 0.001
0.765 1 0.001
0.766 1 0.001
0.767 1 0.001
0.768 1 0.001
0.769 1 0.001
0.77 1 0.001
0.771 1 0.001
0.772 1 0.001
0.773 1 0.001
0.774 1 0.001
0.775 1 0.001
0.776 1 0.001
0.777 1 0.001
0.778 1 0.001
0.779 1 0.001
0.78 1 0.001
0.781 1 0.001
0.782 1 0.001
0.783 1 0.001
0.784 1 0.001
0.785 1 0.001
0.786 1 0.001
0.787 1 0.001
0.788 1 0.001
0.789 1 0.001
0.79 1 0.001
0.791 1 0.001
0.792 1 0.001
0.793 1 0.001
0.794 1 0.001
0.795 1 0.001
0.796 1 0.001
0.797 1 0.001
0.798 1 0.001
0.799 1 0.001
0.8 1 0.001
0.801 1 0.001
0.802 1 0.001
0.803 1 0.001
0.804 1 0.001
0.805 1 0.001
0.806 1 0.001
0.807 1 0.001
0.808 1 0.001
0.809 1 0.001
0.81 1 0.001
0.811 1 0.001
0.812 1 0.001
0.813 1 0.001
0.814 1 0.001
0.815 1 0.001
0.816 1 0.001
0.817 1 0.001
0.818 1 0.001
0.819 1 0.001
0.82 1 0.001
0.821 1 0.001
0.822 1 0.001
0.823 1 0.001
0.824 1 0.001
0.825 1 0.001
0.826 1 0.001
0.827 1 0.001
0.828 1 0.001
0.829 1 0.001
0.83 1 0.001
0.831 1 0.001
0.832 1 0.001
0.833 1 0.001
0.834 1 0.001
0.835 1 0.001
0.836 1 0.001
0.837 1 0.001
0.838 1 0.001
0.839 1 0.001
0.84 1 0.001
0.841 1 0.001
0.842 1 0.001
0.843 1 0.001
0.844 1 0.001
0.845 1 0.001
0.846 1 0.001
0.847 1 0.001
0.848 1 0.001
0.849 1 0.001
0.85 1 0.001
0.851 1 0.001
0.852 1 0.001
0.853 1 0.001
0.854 1 0.001
0.855 1 0.001
0.856 1 0.001
0.857 1 0.001
0.858 1 0.001
0.859 1 0.001
0.86 1 0.001
0.861 1 0.001
0.862 1 0.001
0.863 1 0.001
0.864 1 0.001
0.865 1 0.001
0.866 1 0.001
0.867 1 0.001
0.868 1 0.001
0.869 1 0.001
0.87 1 0.001
0.871 1 0.001
0.872 1 0.001
0.873 1 0.001
0.874 1 0.001
0.875 1 0.001
0.876 1 0.001
0.877 1 0.001
0.878 1 0.001
0.879 1 0.001
0.88 1 0.001
0.881 1 0.001
0.882 1 0.001
0.883 1 0.001
0.884 1 0.001
0.885 1 0.001
0.886 1 0.001
0.887 1 0.001
0.888 1 0.001
0.889 1 0.001
0.89 1 0.001
0.891 1 0.001
0.892 1 0.001
0.893 1 0.001
0.894 1 0.001
0.895 1 0.001
0.896 1 0.001
0.897 1 0.001
0.898 1 0.001
0.899 1 0.001
0.9 1 0.001
0.901 1 0.001
0.902 1 0.001
0.903 1 0.001
0.904 1 0.001
0.905 1 0.001
0.906 1 0.001
0.907 1 0.001
0.908 1 0.001
0.909 1 0.001
0.91 1 0.001
0.911 1 0.001
0.912 1 0.001
0.913 1 0.001
0.914 1 0.001
0.915 1 0.001
0.916 1 0.001
0.917 1 0.001
0.918 1 0.001
0.919 1 0.001
0.92 1 0.001
0.921 1 0.001
0.922 1 0.001
0.923 1 0.001
0.924 1 0.001
0.925 1 0.001
0.926 1 0.001
0.927 1 0.001
0.928 1 0.001
0.929 1 0.001
0.93 1 0.001
0.931 1 0.001
0.932 1 0.001
0.933 1 0.001
0.934 1 0.001
0.935 1 0.001
0.936 1 0.001
0.937 1 0.001
0.938 1 0.001
0.939 1 0.001
0.94 1 0.001
0.941 1 0.001
0.942 1 0.001
0.943 1 0.001
0.944 1 0.001
0.945 1 0.001
0.946 1 0.001
0.947 1 0.001
0.948 1 0.001
0.949 1 0.001
0.95 1 0.001
0.951 1 0.001
0.952 1 0.001
0.953 1 0.001
0.954 1 0.001
0.955 1 0.001
0.956 1 0.001
0.957 1 0.001
0.958 1 0.001
0.959 1 0.001
0.96 1 0.001
0.961 1 0.001
0.962 1 0.001
0.963 1 0.001
0.964 1 0.001
0.965 1 0.001
0.966 1 0.001
0.967 1 0.001
0.968 1 0.001
0.969 1 0.001
0.97 1 0.001
0.971 1 0.001
0.972 1 0.001
0.973 1 0.001
0.974 1 0.001
0.975 1 0.001
0.976 1 0.001
0.977 1 0.001
0.978 1 0.001
0.979 1 0.001
0.98 1 0.001
0.981 1 0.001
0.982 1 0.001
0.983 1 0.001
0.984 1 0.001
0.985 1 0.001
0.986 1 0.001
0.987 1 0.001
0.988 1 0.001
0.989 1 0.001
0.99 1 0.001
0.991 1 0.001
0.992 1 0.001
0.993 1 0.001
0.994 1 0.001
0.995 1 0.001
0.996 1 0.001
0.997 1 0.001
0.998 1 0.001
0.999 1 0.001
1 1 0.001
1.001 1 0.001
1.002 1 0.001
1.003 1 0.001
1.004 1 0.001
1.005 1 0.001
1.006 1 0.001
1.007 1 0.001
1.008 1 0.001
1.009 1 0.001
1.01 1 0.001
1.011 1 0.001
1.012 1 0.001
1.013 1 0.001
1.014 1 0.001
1.015 1 0.001
1.016 1 0.001
1.017 1 0.001
1.018 1 0.001
1.019 1 0.001
1.02 1 0.001
1.021 1 0.001
1.022 1 0.001
1.023 1 0.001
1.024 1 0.001
1.025 1 0.001
1.026 1 0.001
1.027 1 0.001
1.028 1 0.001
1.029 1 0.001
1.03 1 0.001
1.031 1 0.001
1.032 1 0.001
1.033 1 0.001
1.034 1 0.001
1.035 1 0.001
1.036 1 0.001
1.037 1 0.001
1.038 1 0.001
1.039 1 0.001
1.04 1 0.001
1.041 1 0.001
1.042 1 0.001
1.043 1 0.001
1.044 1 0.001
1.045 1 0.001
1.046 1 0.001
1.047 1 0.001
1.048 1 0.001
1.049 1 0.001
1.05 1 0.001
1.051 1 0.001
1.052 1 0.001
1.053 1 0.001
1.054 1 0.001
1.055 1 0.001
1.056 1 0.001
1.057 1 0.001
1.058 1 0.001
1.059 1 0.001
1.06 1 0.001
1.061 1 0.001
1.062 1 0.001
1.063 1 0.001
1.064 1 0.001
1.065 1 0.001
1.066 1 0.001
1.067 1 0.001
1.068 1 0.001
1.069 1 0.001
1.07 1 0.001
1.071 1 0.001
1.072 1 0.001
1.073 1 0.001
1.074 1 0.001
1.075 1 0.001
1.076 1 0.001
1.077 1 0.001
1.078 1 0.001
1.079 1 0.001
1.08 1 0.001
1.081 1 0.001
1.082 1 0.001
1.083 1 0.001
1.084 1 0.001
1.085 1 0.001
1.086 1 0.001
1.087 1 0.001
1.088 1 0.001
1.089 1 0.001
1.09 1 0.001
1.091 1 0.001
1.092 1 0.001
1.093 1 0.001
1.094 1 0.001
1.095 1 0.001
1.096 1 0.001
1.097 1 0.001
1.098 1 0.001
1.099 1 0.001
1.1 1 0.001
1.101 1 0.001
1.102 1 0.001
1.103 1 0.001
1.104 1 0.001
1.105 1 0.001
1.106 1 0.001
1.107 1 0.001
1.108 1 0.001
1.109 1 0.001
1.11 1 0.001
1.111 1 0.001
1.112 1 0.001
1.113 1 0.001
1.114 1 0.001
1.115 1 0.001
1.116 1 0.001
1.117 1 0.001
1.118 1 0.001
1.119 1 0.001
1.12 1 0.001
1.121 1 0.001
1.122 1 0.001
1.123 1 0.001
1.124 1 0.001
1.125 1 0.001
1.126 1 0.001
1.127 1 0.001
1.128 1 0.001
1.129 1 0.001
1.13 1 0.001
1.131 1 0.001
1.132 1 0.001
1.133 1 0.001
1.134 1 0.001
1.135 1 0.001
1.136 1 0.001
1.137 1 0.001
1.138 1 0.001
1.139 1 0.001
1.14 1 0.001
1.141 1 0.001
1.142 1 0.001
1.143 1 0.001
1.144 1 0.001
1.145 1 0.001
1.146 1 0.001
1.147 1 0.001
1.148 1 0.001
1.149 1 0.001
1.15 1 0.001
1.151 1 0.001
1.152 1 0.001
1.153 1 0.001
1.154 1 0.001
1.155 1 0.001
1.156 1 0.001
1.157 1 0.001
1.158 1 0.001
1.159 1 0.001
1.16 1 0.001
1.161 1 0.001
1.162 1 0.001
1.163 1 0.001
1.164 1 0.001
1.165 1 0.001
1.166 1 0.001
1.167 1 0.001
1.168 1 0.001
1.169 1 0.001
1.17 1 0.001
1.171 1 0.001
1.172 1 0.001
1.173 1 0.001
1.174 1 0.001
1.175 1 0.001
1.176 1 0.001
1.177 1 0.001
1.178 1 0.001
1.179 1 0.001
1.18 1 0.001
1.181 1 0.001
1.182 1 0.001
1.183 1 0.001
1.184 1 0.001
1.185 1 0.001
1.186 1 0.001
1.187 1 0.001
1.188 1 0.001
1.189 1 0.001
1.19 1 0.001
1.191 1 0.001
1.192 1 0.001
1.193 1 0.001
1.194 1 0.001
1.195 1 0.001
1.196 1 0.001
1.197 1 0.001
1.198 1 0.001
1.199 1 0.001
1.2 1 0.001
1.201 1 0.001
1.202 1 0.001
1.203 1 0.001
1.204 1 0.001
1.205 1 0.001
1.206 1 0.001
1.207 1 0.001
1.208 1 0.001
1.209 1 0.001
1.21 1 0.001
1.211 1 0.001
1.212 1 0.001
1.213 1 0.001
1.214 1 0.001
1.215 1 0.001
1.216 1 0.001
1.217 1 0.001
1.218 1 0.001
1.219 1 0.001
1.22 1 0.001
1.221 1 0.001
1.222 1 0.001
1.223 1 0.001
1.224 1 0.001
1.225 1 0.001
1.226 1 0.001
1.227 1 0.001
1.228 1 0.001
1.229 1 0.001
1.23 1 0.001
1.231 1 0.001
1.232 1 0.001
1.233 1 0.001
1.234 1 0.001
1.235 1 0.001
1.236 1 0.001
1.237 1 0.001
1.238 1 0.001
1.239 1 0.001
1.24 1 0.001
1.241 1 0.001
1.242 1 0.001
1.243 1 0.001
1.244 1 0.001
1.245 1 0.001
1.246 1 0.001
1.247 1 0.001
1.248 1 0.001
1.249 1 0.001
1.25 1 0.001
1.251 1 0.001
1.252 1 0.001
1.253 1 0.001
1.254 1 0.001
1.255 1 0.001
1.256 1 0.001
1.257 1 0.001
1.258 1 0.001
1.259 1 0.001
1.26 1 0.001
1.261 1 0.001
1.262 1 0.001
1.263 1 0.001
1.264 1 0.001
1.265 1 0.001
1.266 1 0.001
1.267 1 0.001
1.268 1 0.001
1.269 1 0.001
1.27 1 0.001
1.271 1 0.001
1.272 1 0.001
1.273 1 0.001
1.274 1 0.001
1.275 1 0.001
1.276 1 0.001
1.277 1 0.001
1.278 1 0.001
1.279 1 0.001
1.28 1 0.001
1.281 1 0.001
1.282 1 0.001
1.283 1 0.001
1.284 1 0.001
1.285 1 0.001
1.286 1 0.001
1.287 1 0.001
1.288 1 0.001
1.289 1 0.001
1.29 1 0.001
1.291 1 0.001
1.292 1 0.001
1.293 1 0.001
1.294 1 0.001
1.295 1 0.001
1.296 1 0.001
1.297 1 0.001
1.298 1 0.001
1.299 1 0.001
1.3 1 0.001
1.301 1 0.001
1.302 1 0.001
1.303 1 0.001
1.304 1 0.001
1.305 1 0.001
1.306 1 0.001
1.307 1 0.001
1.308 1 0.001
1.309 1 0.001
1.31 1 0.001
1.311 1 0.001
1.312 1 0.001
1.313 1 0.001
1.314 1 0.001
1.315 1 0.001
1.316 1 0.001
1.317 1 0.001
1.318 1 0.001
1.319 1 0.001
1.32 1 0.001
1.321 1 0.001
1.322 1 0.001
1.323 1 0.001
1.324 1 0.001
1.325 1 0.001
1.326 1 0.001
1.327 1 0.001
1.328 1 0.001
1.329 1 0.001
1.33 1 0.001
1.331 1 0.001
1.332 1 0.001
1.333 1 0.001
1.334 1 0.001
1.335 1 0.001
1.336 1 0.001
1.337 1 0.001
1.338 1 0.001
1.339 1 0.001
1.34 1 0.001
1.341 1 0.001
1.342 1 0.001
1.343 1 0.001
1.344 1 0.001
1.345 1 0.001
1.346 1 0.001
1.347 1 0.001
1.348 1 0.001
1.349 1 0.001
1.35 1 0.001
1.351 1 0.001
1.352 1 0.001
1.353 1 0.001
1.354 1 0.001
1.355 1 0.001
1.356 1 0.001
1.357 1 0.001
1.358 1 0.001
1.359 1 0.001
1.36 1 0.001
1.361 1 0.001
1.362 1 0.001
1.363 1 0.001
1.364 1 0.001
1.365 1 0.001
1.366 1 0.001
1.367 1 0.001
1.368 1 0.001
1.369 1 0.001
1.37 1 0.001
1.371 1 0.001
1.372 1 0.001
1.373 1 0.001
1.374 1 0.001
1.375 1 0.001
1.376 1 0.001
1.377 1 0.001
1.378 1 0.001
1.379 1 0.001
1.38 1 0.001
1.381 1 0.001
1.382 1 0.001
1.383 1 0.001
1.384 1 0.001
1.385 1 0.001
1.386 1 0.001
1.387 1 0.001
1.388 1 0.001
1.389 1 0.001
1.39 1 0.001
1.391 1 0.001
1.392 1 0.001
1.393 1 0.001
1.394 1 0.001
1.395 1 0.001
1.396 1 0.001
1.397 1 0.001
1.398 1 0.001
1.399 1 0.001
1.4 1 0.001
1.401 1 0.001
1.402 1 0.001
1.403 1 0.001
1.404 1 0.001
1.405 1 0.001
1.406 1 0.001
1.407 1 0.001
1.408 1 0.001
1.409 1 0.001
1.41 1 0.001
1.411 1 0.001
1.412 1 0.001
1.413 1 0.001
1.414 1 0.001
1.415 1 0.001
1.416 1 0.001
1.417 1 0.001
1.418 1 0.001
1.419 1 0.001
1.42 1 0.001
1.421 1 0.001
1.422 1 0.001
1.423 1 0.001
1.424 1 0.001
1.425 1 0.001
1.426 1 0.001
1.427 1 0.001
1.428 1 0.001
1.429 1 0.001
1.43 1 0.001
1.431 1 0.001
1.432 1 0.001
1.433 1 0.001
1.434 1 0.001
1.435 1 0.001
1.436 1 0.001
1.437 1 0.001
1.438 1 0.001
1.439 1 0.001
1.44 1 0.001
1.441 1 0.001
1.442 1 0.001
1.443 1 0.001
1.444 1 0.001
1.445 1 0.001
1.446 1 0.001
1.447 1 0.001
1.448 1 0.001
1.449 1 0.001
1.45 1 0.001
1.451 1 0.001
1.452 1 0.001
1.453 1 0.001
1.454 1 0.001
1.455 1 0.001
1.456 1 0.001
1.457 1 0.001
1.458 1 0.001
1.459 1 0.001
1.46 1 0.001
1.461 1 0.001
1.462 1 0.001
1.463 1 0.001
1.464 1 0.001
1.465 1 0.001
1.466 1 0.001
1.467 1 0.001
1.468 1 0.001
1.469 1 0.001
1.47 1 0.001
1.471 1 0.001
1.472 1 0.001
1.473 1 0.001
1.474 1 0.001
1.475 1 0.001
1.476 1 0.001
1.477 1 0.001
1.478 1 0.001
1.479 1 0.001
1.48 1 0.001
1.481 1 0.001
1.482 1 0.001
1.483 1 0.001
1.484 1 0.001
1.485 1 0.001
1.486 1 0.001
1.487 1 0.001
1.488 1 0.001
1.489 1 0.001
1.49 1 0.001
1.491 1 0.001
1.492 1 0.001
1.493 1 0.001
1.494 1 0.001
1.495 1 0.001
1.496 1 0.001
1.497 1 0.001
1.498 1 0.001
1.499 1 0.001
1.5 1 0.001
1.501 1 0.001
1.502 1 0.001
1.503 1 0.001
1.504 1 0.001
1.505 1 0.001
1.506 1 0.001
1.507 1 0.001
1.508 1 0.001
1.509 1 0.001
1.51 1 0.001
1.511 1 0.001
1.512 1 0.001
1.513 1 0.001
1.514 1 0.001
1.515 1 0.001
1.516 1 0.001
1.517 1 0.001
1.518 1 0.001
1.519 1 0.001
1.52 1 0.001
1.521 1 0.001
1.522 1 0.001
1.523 1 0.001
1.524 1 0.001
1.525 1 0.001
1.526 1 0.001
1.527 1 0.001
1.528 1 0.001
1.529 1 0.001
1.53 1 0.001
1.531 1 0.001
1.532 1 0.001
1.533 1 0.001
1.534 1 0.001
1.535 1 0.001
1.536 1 0.001
1.537 1 0.001
1.538 1 0.001
1.539 1 0.001
1.54 1 0.001
1.541 1 0.001
1.542 1 0.001
1.543 1 0.001
1.544 1 0.001
1.545 1 0.001
1.546 1 0.001
1.547 1 0.001
1.548 1 0.001
1.549 1 0.001
1.55 1 0.001
1.551 1 0.001
1.552 1 0.001
1.553 1 0.001
1.554 1 0.001
1.555 1 0.001
1.556 1 0.001
1.557 1 0.001
1.558 1 0.001
1.559 1 0.001
1.56 1 0.001
1.561 1 0.001
1.562 1 0.001
1.563 1 0.001
1.564 1 0.001
1.565 1 0.001
1.566 1 0.001
1.567 1 0.001
1.568 1 0.001
1.569 1 0.001
1.57 1 0.001
1.571 1 0.001
1.572 1 0.001
1.573 1 0.001
1.574 1 0.001
1.575 1 0.001
1.576 1 0.001
1.577 1 0.001
1.578 1 0.001
1.579 1 0.001
1.58 1 0.001
1.581 1 0.001
1.582 1 0.001
1.583 1 0.001
1.584 1 0.001
1.585 1 0.001
1.586 1 0.001
1.587 1 0.001
1.588 1 0.001
1.589 1 0.001
1.59 1 0.001
1.591 1 0.001
1.592 1 0.001
1.593 1 0.001
1.594 1 0.001
1.595 1 0.001
1.596 1 0.001
1.597 1 0.001
1.598 1 0.001
1.599 1 0.001
1.6 1 0.001
1.601 1 0.001
1.602 1 0.001
1.603 1 0.001
1.604 1 0.001
1.605 1 0.001
1.606 1 0.001
1.607 1 0.001
1.608 1 0.001
1.609 1 0.001
1.61 1 0.001
1.611 1 0.001
1.612 1 0.001
1.613 1 0.001
1.614 1 0.001
1.615 1 0.001
1.616 1 0.001
1.617 1 0.001
1.618 1 0.001
1.619 1 0.001
1.62 1 0.001
1.621 1 0.001
1.622 1 0.001
1.623 1 0.001
1.624 1 0.001
1.625 1 0.001
1.626 1 0.001
1.627 1 0.001
1.628 1 0.001
1.629 1 0.001
1.63 1 0.001
1.631 1 0.001
1.632 1 0.001
1.633 1 0.001
1.634 1 0.001
1.635 1 0.001
1.636 1 0.001
1.637 1 0.001
1.638 1 0.001
1.639 1 0.001
1.64 1 0.001
1.641 1 0.001
1.642 1 0.001
1.643 1 0.001
1.644 1 0.001
1.645 1 0.001
1.646 1 0.001
1.647 1 0.001
1.648 1 0.001
1.649 1 0.001
1.65 1 0.001
1.651 1 0.001
1.652 1 0.001
1.653 1 0.001
1.654 1 0.001
1.655 1 0.001
1.656 1 0.001
1.657 1 0.001
1.658 1 0.001
1.659 1 0.001
1.66 1 0.001
1.661 1 0.001
1.662 1 0.001
1.663 1 0.001
1.664 1 0.001
1.665 1 0.001
1.666 1 0.001
1.667 1 0.00100001
1.668 1 0.00100001
1.669 1 0.00100001
1.67 1 0.00100001
1.671 1 0.00100001
1.672 1 0.00100001
1.673 1 0.00100001
1.674 1 0.00100001
1.675 1 0.00100001
1.676 1 0.00100001
1.677 1 0.00100001
1.678 1 0.00100001
1.679 1 0.00100001
1.68 1 0.00100001
1.681 1 0.00100001
1.682 1 0.00100001
1.683 1 0.00100001
1.684 1 0.00100001
1.685 1 0.00100001
1.686 1 0.00100001
1.687 1 0.00100001
1.688 1 0.00100001
1.689 1 0.00100001
1.69 1 0.00100001
1.691 1 0.00100001
1.692 1 0.00100001
1.693 1 0.00100001
1.694 1 0.00100001
1.695 1 0.00100001
1.696 1 0.00100001
1.697 1 0.00100001
1.698 1 0.00100001
1.699 1 0.00100001
1.7 1 0.00100001
1.701 1 0.00100001
1.702 1 0.00100001
1.703 1 0.00100001
1.704 1 0.00100001
1.705 1 0.00100001
1.706 1 0.00100001
1.707 1 0.00100001
1.708 1 0.00100001
1.709 1 0.00100001
1.71 1 0.00100001
1.711 1 0.00100001
1.712 1 0.00100001
1.713 1 0.00100001
1.714 1 0.00100001
1.715 1 0.00100001
1.716 1 0.00100001
1.717 1 0.00100001
1.718 1 0.00100001
1.719 1 0.00100001
1.72 1 0.00100001
1.721 1 0.00100001
1.722 1 0.00100001
1.723 1 0.00100001
1.724 1 0.00100001
1.725 1 0.00100001
1.726 1 0.00100001
1.727 1 0.00100001
1.728 1 0.00100001
1.729 1 0.00100001
1.73 1 0.00100001
1.731 1 0.00100001
1.732 1 0.00100001
1.733 1 0.00100001
1.734 1 0.00100001
1.735 1 0.00100001
1.736 1 0.00100001
1.737 1 0.00100001
1.738 1 0.00100001
1.739 1 0.00100001
1.74 1 0.00100001
1.741 1 0.00100001
1.742 1 0.00100001
1.743 1 0.00100001
1.744 1 0.00100001
1.745 1 0.00100001
1.746 1 0.00100001
1.747 1 0.00100001
1.748 1 0.00100001
1.749 1 0.00100001
1.75 1 0.00100001
1.751 1 0.00100001
1.752 1 0.00100001
1.753 1 0.00100001
1.754 1 0.00100001
1.755 1 0.00100001
1.756 1 0.00100001
1.757 1 0.00100001
1.758 1 0.00100001
1.759 1 0.00100001
1.76 1 0.00100001
1.761 1 0.00100001
1.762 1 0.00100001
1.763 1 0.00100001
1.764 1 0.00100001
1.765 1 0.00100001
1.766 1 0.00100001
1.767 1 0.00100001
1.768 1 0.00100001
1.769 1 0.00100001
1.77 1 0.00100001
1.771 1 0.00100001
1.772 1 0.00100001
1.773 1 0.00100001
1.774 1 0.00100001
1.775 1 0.00100001
1.776 1 0.00100001
1.777 1 0.00100001
1.778 1 0.00100001
1.779 1 0.00100001
1.78 1 0.00100001
1.781 1 0.00100001
1.782 1 0.00100001
1.783 1 0.00100001
1.784 1 0.00100001
1.785 1 0.00100001
1.786 1 0.00100001
1.787 1 0.00100001
1.788 1 0.00100001
1.789 1 0.00100001
1.79 1 0.00100001
1.791 1 0.00100001
1.792 1 0.00100001
1.793 1 0.00100001
1.794 1 0.00100001
1.795 1 0.00100001
1.796 1 0.00100001
1.797 1 0.00100001
1.798 1 0.00100001
1.799 1 0.00100001
1.8 1 0.00100001
1.801 1 0.00100001
1.802 1 0.00100001
1.803 1 0.00100001
1.804 1 0.00100001
1.805 1 0.00100001
1.806 1 0.00100001
1.807 1 0.00100001
1.808 1 0.00100001
1.809 1 0.00100001
1.81 1 0.00100001
1.811 1 0.00100001
1.812 1 0.00100001
1.813 1 0.00100001
1.814 1 0.00100001
1.815 1 0.00100001
1.816 1 0.00100001
1.817 1 0.00100001
1.818 1 0.00100001
1.819 1 0.00100001
1.82 1 0.00100001
1.821 1 0.00100001
1.822 1 0.00100001
1.823 1 0.00100001
1.824 1 0.00100001
1.825 1 0.00100001
1.826 1 0.00100001
1.827 1 0.00100001
1.828 1 0.00100001
1.829 1 0.00100001
1.83 1 0.00100001
1.831 1 0.00100001
1.832 1 0.00100001
1.833 1 0.00100001
1.834 1 0.00100001
1.835 1 0.00100001
1.836 1 0.00100001
1.837 1 0.00100001
1.838 1 0.00100001
1.839 1 0.00100001
1.84 1 0.00100001
1.841 1 0.00100001
1.842 1 0.00100001
1.843 1 0.00100001
1.844 1 0.00100001
1.845 1 0.00100001
1.846 1 0.00100001
1.847 1 0.00100001
1.848 1 0.00100001
1.849 1 0.00100001
1.85 1 0.00100001
1.851 1 0.00100001
1.852 1 0.00100001
1.853 1 0.00100001
1.854 1 0.00100001
1.855 1 0.00100001
1.856 1 0.00100001
1.857 1 0.00100001
1.858 1 0.00100001
1.859 1 0.00100001
1.86 1 0.00100001
1.861 1 0.00100001
1.862 1 0.00100001
1.863 1 0.00100001
1.864 1 0.00100001
1.865 1 0.00100001
1.866 1 0.00100001
1.867 1 0.00100001
1.868 1 0.00100001
1.869 1 0.00100001
1.87 1 0.00100001
1.871 1 0.00100001
1.872 1 0.00100001
1.873 1 0.00100001
1.874 1 0.00100001
1.875 1 0.00100001
1.876 1 0.00100001
1.877 1 0.00100001
1.878 1 0.00100001
1.879 1 0.00100001
1.88 1 0.00100001
1.881 1 0.00100001
1.882 1 0.00100001
1.883 1 0.00100001
1.884 1 0.00100001
1.885 1 0.00100001
1.886 1 0.00100001
1.887 1 0.00100001
1.888 1 0.00100001
1.889 1 0.00100001
1.89 1 0.00100001
1.891 1 0.00100001
1.892 1 0.00100001
1.893 1 0.00100001
1.894 1 0.00100001
1.895 1 0.00100001
1.896 1 0.00100001
1.897 1 0.00100001
1.898 1 0.00100001
1.899 1 0.00100001
1.9 1 0.00100001
1.901 1 0.00100001
1.902 1 0.00100001
1.903 1 0.00100001
1.904 1 0.00100001
1.905 1 0.00100001
1.906 1 0.00100001
1.907 1 0.00100001
1.908 1 0.00100001
1.909 1 0.00100001
1.91 1 0.00100001
1.911 1 0.00100001
1.912 1 0.00100001
1.913 1 0.00100001
1.914 1 0.00100001
1.915 1 0.00100001
1.916 1 0.00100001
1.917 1 0.00100001
1.918 1 0.00100001
1.919 1 0.00100001
1.92 1 0.00100001
1.921 1 0.00100001
1.922 1 0.00100001
1.923 1 0.00100001
1.924 1 0.00100001
1.925 1 0.00100001
1.926 1 0.00100001
1.927 1 0.00100001
1.928 1 0.00100001
1.929 1 0.00100001
1.93 1 0.00100001
1.931 1 0.00100001
1.932 1 0.00100001
1.933 1 0.00100001
1.934 1 0.00100001
1.935 1 0.00100001
1.936 1 0.00100001
1.937 1 0.00100001
1.938 1 0.00100001
1.939 1 0.00100001
1.94 1 0.00100001
1.941 1 0.00100001
1.942 1 0.00100001
1.943 1 0.00100001
1.944 1 0.00100001
1.945 1 0.00100001
1.946 1 0.00100001
1.947 1 0.00100001
1.948 1 0.00100001
1.949 1 0.00100001
1.95 1 0.00100001
1.951 1 0.00100001
1.952 1 0.00100001
1.953 1 0.00100001
1.954 1 0.00100001
1.955 1 0.00100001
1.956 1 0.00100001
1.957 1 0.00100001
1.958 1 0.00100001
1.959 1 0.00100001
1.96 1 0.00100001
1.961 1 0.00100001
1.962 1 0.00100001
1.963 1 0.00100001
1.964 1 0.00100001
1.965 1 0.00100001
1.966 1 0.00100001
1.967 1 0.00100001
1.968 1 0.00100001
1.969 1 0.00100001
1.97 1 0.00100001
1.971 1 0.00100001
1.972 1 0.00100001
1.973 1 0.00100001
1.974 1 0.00100001
1.975 1 0.00100001
1.976 1 0.00100001
1.977 1 0.00100001
1.978 1 0.00100001
1.979 1 0.00100001
1.98 1 0.00100001
1.981 1 0.00100001
1.982 1 0.00100001
1.983 1 0.00100001
1.984 1 0.00100001
1.985 1 0.00100001
1.986 1 0.00100001
1.987 1 0.00100001
1.988 1 0.00100001
1.989 1 0.00100001
1.99 1 0.00100001
1.991 1 0.00100001
1.992 1 0.00100001
1.993 1 0.00100001
1.994 1 0.00100001
1.995 1 0.00100001
1.996 1 0.00100001
1.997 1 0.00100001
1.998 1 0.00100001
1.999 1 0.00100001
2 1 0.00100001
2.001 1 0.00100001
2.002 1 0.00100001
2.003 1 0.00100001
2.004 1 0.00100001
2.005 1 0.00100001
2.006 1 0.00100001
2.007 1 0.00100001
2.008 1 0.00100001
2.009 1 0.00100001
2.01 1 0.00100001
2.011 1 0.00100001
2.012 1 0.00100001
2.013 1 0.00100001
2.014 1 0.00100001
2.015 1 0.00100001
2.016 1 0.00100001
2.017 1 0.00100001
2.018 1 0.00100001
2.019 1 0.00100001
2.02 1 0.00100001
2.021 1 0.00100001
2.022 1 0.00100001
2.023 1 0.00100001
2.024 1 0.00100001
2.025 1 0.00100001
2.026 1 0.00100001
2.027 1 0.00100001
2.028 1 0.00100001
2.029 1 0.00100001
2.03 1 0.00100001
2.031 1 0.00100001
2.032 1 0.00100001
2.033 1 0.00100001
2.034 1 0.00100001
2.035 1 0.00100001
2.036 1 0.00100001
2.037 1 0.00100001
2.038 1 0.00100001
2.039 1 0.00100001
2.04 1 0.00100001
2.041 1 0.00100001
2.042 1 0.00100001
2.043 1 0.00100001
2.044 1 0.00100001
2.045 1 0.00100001
2.046 1 0.00100001
2.047 1 0.00100001
2.048 1 0.00100001
2.049 1 0.00100001
2.05 1 0.00100001
2.051 1 0.00100001
2.052 1 0.00100001
2.053 1 0.00100001
2.054 1 0.00100001
2.055 1 0.00100001
2.056 1 0.00100001
2.057 1 0.00100001
2.058 1 0.00100001
2.059 1 0.00100001
2.06 1 0.00100001
2.061 1 0.00100001
2.062 1 0.00100001
2.063 1 0.00100001
2.064 1 0.00100001
2.065 1 0.00100001
2.066 1 0.00100001
2.067 1 0.00100001
2.068 1 0.00100001
2.069 1 0.00100001
2.07 1 0.00100001
2.071 1 0.00100001
2.072 1 0.00100001
2.073 1 0.00100001
2.074 1 0.00100001
2.075 1 0.00100001
2.076 1 0.00100001
2.077 1 0.00100001
2.078 1 0.00100001
2.079 1 0.00100001
2.08 1 0.00100001
2.081 1 0.00100001
2.082 1 0.00100001
2.083 1 0.00100001
2.084 1 0.00100001
2.085 1 0.00100001
2.086 1 0.00100001
2.087 1 0.00100001
2.088 1 0.00100001
2.089 1 0.00100001
2.09 1 0.00100001
2.091 1 0.00100001
2.092 1 0.00100001
2.093 1 0.00100001
2.094 1 0.00100001
2.095 1 0.00100001
2.096 1 0.00100001
2.097 1 0.00100001
2.098 1 0.00100001
2.099 1 0.00100001
2.1 1 0.00100001
2.101 1 0.00100001
2.102 1 0.00100001
2.103 1 0.00100001
2.104 1 0.00100001
2.105 1 0.00100001
2.106 1 0.00100001
2.107 1 0.00100001
2.108 1 0.00100001
2.109 1 0.00100001
2.11 1 0.00100001
2.111 1 0.00100001
2.112 1 0.00100001
2.113 1 0.00100001
2.114 1 0.00100001
2.115 1 0.00100001
2.116 1 0.00100001
2.117 1 0.00100001
2.118 1 0.00100001
2.119 1 0.00100001
2.12 1 0.00100001
2.121 1 0.00100001
2.122 1 0.00100001
2.123 1 0.00100001
2.124 1 0.00100001
2.125 1 0.00100001
2.126 1 0.00100001
2.127 1 0.00100001
2.128 1 0.00100001
2.129 1 0.00100001
2.13 1 0.00100001
2.131 1 0.00100001
2.132 1 0.00100001
2.133 1 0.00100001
2.134 1 0.00100001
2.135 1 0.00100001
2.136 1 0.00100001
2.137 1 0.00100001
2.138 1 0.00100001
2.139 1 0.00100001
2.14 1 0.00100001
2.141 1 0.00100001
2.142 1 0.00100001
2.143 1 0.00100001
2.144 1 0.00100001
2.145 1 0.00100001
2.146 1 0.00100001
2.147 1 0.00100001
2.148 1 0.00100001
2.149 1 0.00100001
2.15 1 0.00100001
2.151 1 0.00100001
2.152 1 0.00100001
2.153 1 0.00100001
2.154 1 0.00100001
2.155 1 0.00100001
2.156 1 0.00100001
2.157 1 0.00100001
2.158 1 0.00100001
2.159 1 0.00100001
2.16 1 0.00100001
2.161 1 0.00100001
2.162 1 0.00100001
2.163 1 0.00100001
2.164 1 0.00100001
2.165 1 0.00100001
2.166 1 0.00100001
2.167 1 0.00100001
2.168 1 0.00100001
2.169 1 0.00100001
2.17 1 0.00100001
2.171 1 0.00100001
2.172 1 0.00100001
2.173 1 0.00100001
2.174 1 0.00100001
2.175 1 0.00100001
2.176 1 0.00100001
2.177 1 0.00100001
2.178 1 0.00100001
2.179 1 0.00100001
2.18 1 0.00100001
2.181 1 0.00100001
2.182 1 0.00100001
2.183 1 0.00100001
2.184 1 0.00100001
2.185 1 0.00100001
2.186 1 0.00100001
2.187 1 0.00100001
2.188 1 0.00100001
2.189 1 0.00100001
2.19 1 0.00100001
2.191 1 0.00100001
2.192 1 0.00100001
2.193 1 0.00100001
2.194 1 0.00100001
2.195 1 0.00100001
2.196 1 0.00100001
2.197 1 0.00100001
2.198 1 0.00100001
2.199 1 0.00100001
2.2 1 0.00100001
2.201 1 0.00100001
2.202 1 0.00100001
2.203 1 0.00100001
2.204 1 0.00100001
2.205 1 0.00100001
2.206 1 0.00100001
2.207 1 0.00100001
2.208 1 0.00100001
2.209 1 0.00100001
2.21 1 0.00100001
2.211 1 0.00100001
2.212 1 0.00100001
2.213 1 0.00100001
2.214 1 0.00100001
2.215 1 0.00100001
2.216 1 0.00100001
2.217 1 0.00100001
2.218 1 0.00100001
2.219 1 0.00100001
2.22 1 0.00100001
2.221 1 0.00100001
2.222 1 0.00100001
2.223 1 0.00100001
2.224 1 0.00100001
2.225 1 0.00100001
2.226 1 0.00100001
2.227 1 0.00100001
2.228 1 0.00100001
2.229 1 0.00100001
2.23 1 0.00100001
2.231 1 0.00100001
2.232 1 0.00100001
2.233 1 0.00100001
2.234 1 0.00100001
2.235 1 0.00100001
2.236 1 0.00100001
2.237 1 0.00100001
2.238 1 0.00100001
2.239 1 0.00100001
2.24 1 0.00100001
2.241 1 0.00100001
2.242 1 0.00100001
2.243 1 0.00100001
2.244 1 0.00100001
2.245 1 0.00100001
2.246 1 0.00100001
2.247 1 0.00100001
2.248 1 0.00100001
2.249 1 0.00100001
2.25 1 0.00100001
2.251 1 0.00100001
2.252 1 0.00100001
2.253 1 0.00100001
2.254 1 0.00100001
2.255 1 0.00100001
2.256 1 0.00100001
2.257 1 0.00100001
2.258 1 0.00100001
2.259 1 0.00100001
2.26 1 0.00100001
2.261 1 0.00100001
2.262 1 0.00100001
2.263 1 0.00100001
2.264 1 0.00100001
2.265 1 0.00100001
2.266 1 0.00100001
2.267 1 0.00100001
2.268 1 0.00100001
2.269 1 0.00100001
2.27 1 0.00100001
2.271 1 0.00100001
2.272 1 0.00100001
2.273 1 0.00100001
2.274 1 0.00100001
2.275 1 0.00100001
2.276 1 0.00100001
2.277 1 0.00100001
2.278 1 0.00100001
2.279 1 0.00100001
2.28 1 0.00100001
2.281 1 0.00100001
2.282 1 0.00100001
2.283 1 0.00100001
2.284 1 0.00100001
2.285 1 0.00100001
2.286 1 0.00100001
2.287 1 0.00100001
2.288 1 0.00100001
2.289 1 0.00100001
2.29 1 0.00100001
2.291 1 0.00100001
2.292 1 0.00100001
2.293 1 0.00100001
2.294 1 0.00100001
2.295 1 0.00100001
2.296 1 0.00100001
2.297 1 0.00100001
2.298 1 0.00100001
2.299 1 0.00100001
2.3 1 0.00100001
2.301 1 0.00100001
2.302 1 0.00100001
2.303 1 0.00100001
2.304 1 0.00100001
2.305 1 0.00100001
2.306 1 0.00100001
2.307 1 0.00100001
2.308 1 0.00100001
2.309 1 0.00100001
2.31 1 0.00100001
2.311 1 0.00100001
2.312 1 0.00100001
2.313 1 0.00100001
2.314 1 0.00100001
2.315 1 0.00100001
2.316 1 0.00100001
2.317 1 0.00100001
2.318 1 0.00100001
2.319 1 0.00100001
2.32 1 0.00100001
2.321 1 0.00100001
2.322 1 0.00100001
2.323 1 0.00100001
2.324 1 0.00100001
2.325 1 0.00100001
2.326 1 0.00100001
2.327 1 0.00100001
2.328 1 0.00100001
2.329 1 0.00100001
2.33 1 0.00100001
2.331 1 0.00100001
2.332 1 0.00100001
2.333 1 0.00100001
2.334 1 0.00100001
2.335 1 0.00100001
2.336 1 0.00100001
2.337 1 0.00100001
2.338 1 0.00100001
2.339 1 0.00100001
2.34 1 0.00100001
2.341 1 0.00100001
2.342 1 0.00100001
2.343 1 0.00100001
2.344 1 0.00100001
2.345 1 0.00100001
2.346 1 0.00100001
2.347 1 0.00100001
2.348 1 0.00100001
2.349 1 0.00100001
2.35 1 0.00100001
2.351 1 0.00100001
2.352 1 0.00100001
2.353 1 0.00100001
2.354 1 0.00100001
2.355 1 0.00100001
2.356 1 0.00100001
2.357 1 0.00100001
2.358 1 0.00100001
2.359 1 0.00100001
2.36 1 0.00100001
2.361 1 0.00100001
2.362 1 0.00100001
2.363 1 0.00100001
2.364 1 0.00100001
2.365 1 0.00100001
2.366 1 0.00100001
2.367 1 0.00100001
2.368 1 0.00100001
2.369 1 0.00100001
2.37 1 0.00100001
2.371 1 0.00100001
2.372 1 0.00100001
2.373 1 0.00100001
2.374 1 0.00100001
2.375 1 0.00100001
2.376 1 0.00100001
2.377 1 0.00100001
2.378 1 0.00100001
2.379 1 0.00100001
2.38 1 0.00100001
2.381 1 0.00100001
2.382 1 0.00100001
2.383 1 0.00100001
2.384 1 0.00100001
2.385 1 0.00100001
2.386 1 0.00100001
2.387 1 0.00100001
2.388 1 0.00100001
2.389 1 0.00100001
2.39 1 0.00100001
2.391 1 0.00100001
2.392 1 0.00100001
2.393 1 0.00100001
2.394 1 0.00100001
2.395 1 0.00100001
2.396 1 0.00100001
2.397 1 0.00100001
2.398 1 0.00100001
2.399 1 0.00100001
2.4 1 0.00100001
2.401 1 0.00100001
2.402 1 0.00100001
2.403 1 0.00100001
2.404 1 0.00100001
2.405 1 0.00100001
2.406 1 0.00100001
2.407 1 0.00100001
2.408 1 0.00100001
2.409 1 0.00100001
2.41 1 0.00100001
2.411 1 0.00100001
2.412 1 0.00100001
2.413 1 0.00100001
2.414 1 0.00100001
2.415 1 0.00100001
2.416 1 0.00100001
2.417 1 0.00100001
2.418 1 0.00100001
2.419 1 0.00100001
2.42 1 0.00100001
2.421 1 0.00100001
2.422 1 0.00100001
2.423 1 0.00100001
2.424 1 0.00100001
2.425 1 0.00100001
2.426 1 0.00100001
2.427 1 0.00100001
2.428 1 0.00100001
2.429 1 0.00100001
2.43 1 0.00100001
2.431 1 0.00100001
2.432 1 0.00100001
2.433 1 0.00100001
2.434 1 0.00100001
2.435 1 0.00100001
2.436 1 0.00100001
2.437 1 0.00100001
2.438 1 0.00100001
2.439 1 0.00100001
2.44 1 0.00100001
2.441 1 0.00100001
2.442 1 0.00100001
2.443 1 0.00100001
2.444 1 0.00100001
2.445 1 0.00100001
2.446 1 0.00100001
2.447 1 0.00100001
2.448 1 0.00100001
2.449 1 0.00100001
2.45 1 0.00100001
2.451 1 0.00100001
2.452 1 0.00100001
2.453 1 0.00100001
2.454 1 0.00100001
2.455 1 0.00100001
2.456 1 0.00100001
2.457 1 0.00100001
2.458 1 0.00100001
2.459 1 0.00100001
2.46 1 0.00100001
2.461 1 0.00100001
2.462 1 0.00100001
2.463 1 0.00100001
2.464 1 0.00100001
2.465 1 0.00100001
2.466 1 0.00100001
2.467 1 0.00100001
2.468 1 0.00100001
2.469 1 0.00100001
2.47 1 0.00100001
2.471 1 0.00100001
2.472 1 0.00100001
2.473 1 0.00100001
2.474 1 0.00100001
2.475 1 0.00100001
2.476 1 0.00100001
2.477 1 0.00100001
2.478 1 0.00100001
2.479 1 0.00100001
2.48 1 0.00100001
2.481 1 0.00100001
2.482 1 0.00100001
2.483 1 0.00100001
2.484 1 0.00100001
2.485 1 0.00100001
2.486 1 0.00100001
2.487 1 0.00100001
2.488 1 0.00100001
2.489 1 0.00100001
2.49 1 0.00100001
2.491 1 0.00100001
2.492 1 0.00100001
2.493 1 0.00100001
2.494 1 0.00100001
2.495 1 0.00100001
2.496 1 0.00100001
2.497 1 0.00100001
2.498 1 0.00100001
2.499 1 0.00100001
2.5 1 0.00100001
2.501 1 0.00100001
2.502 1 0.00100001
2.503 1 0.00100001
2.504 1 0.00100001
2.505 1 0.00100001
2.506 1 0.00100001
2.507 1 0.00100001
2.508 1 0.00100001
2.509 1 0.00100001
2.51 1 0.00100001
2.511 1 0.00100001
2.512 1 0.00100001
2.513 1 0.00100001
2.514 1 0.00100001
2.515 1 0.00100001
2.516 1 0.00100001
2.517 1 0.00100001
2.518 1 0.00100001
2.519 1 0.00100001
2.52 1 0.00100001
2.521 1 0.00100001
2.522 1 0.00100001
2.523 1 0.00100001
2.524 1 0.00100001
2.525 1 0.00100001
2.526 1 0.00100001
2.527 1 0.00100001
2.528 1 0.00100001
2.529 1 0.00100001
2.53 1 0.00100001
2.531 1 0.00100001
2.532 1 0.00100001
2.533 1 0.00100001
2.534 1 0.00100001
2.535 1 0.00100001
2.536 1 0.00100001
2.537 1 0.00100001
2.538 1 0.00100001
2.539 1 0.00100001
2.54 1 0.00100001
2.541 1 0.00100001
2.542 1 0.00100001
2.543 1 0.00100001
2.544 1 0.00100001
2.545 1 0.00100001
2.546 1 0.00100001
2.547 1 0.00100001
2.548 1 0.00100001
2.549 1 0.00100001
2.55 1 0.00100001
2.551 1 0.00100001
2.552 1 0.00100001
2.553 1 0.00100001
2.554 1 0.00100001
2.555 1 0.00100001
2.556 1 0.00100001
2.557 1 0.00100001
2.558 1 0.00100001
2.559 1 0.00100001
2.56 1 0.00100001
2.561 1 0.00100001
2.562 1 0.00100001
2.563 1 0.00100001
2.564 1 0.00100001
2.565 1 0.00100001
2.566 1 0.00100001
2.567 1 0.00100001
2.568 1 0.00100001
2.569 1 0.00100001
2.57 1 0.00100001
2.571 1 0.00100001
2.572 1 0.00100001
2.573 1 0.00100001
2.574 1 0.00100001
2.575 1 0.00100001
2.576 1 0.00100001
2.577 1 0.00100001
2.578 1 0.00100001
2.579 1 0.00100001
2.58 1 0.00100001
2.581 1 0.00100001
2.582 1 0.00100001
2.583 1 0.00100001
2.584 1 0.00100001
2.585 1 0.00100001
2.586 1 0.00100001
2.587 1 0.00100001
2.588 1 0.00100001
2.589 1 0.00100001
2.59 1 0.00100001
2.591 1 0.00100001
2.592 1 0.00100001
2.593 1 0.00100001
2.594 1 0.00100001
2.595 1 0.00100001
2.596 1 0.00100001
2.597 1 0.00100001
2.598 1 0.00100001
2.599 1 0.00100001
2.6 1 0.00100001
2.601 1 0.00100001
2.602 1 0.00100001
2.603 1 0.00100001
2.604 1 0.00100001
2.605 1 0.00100001
2.606 1 0.00100001
2.607 1 0.00100001
2.608 1 0.00100001
2.609 1 0.00100001
2.61 1 0.00100001
2.611 1 0.00100001
2.612 1 0.00100001
2.613 1 0.00100001
2.614 1 0.00100001
2.615 1 0.00100001
2.616 1 0.00100001
2.617 1 0.00100001
2.618 1 0.00100001
2.619 1 0.00100001
2.62 1 0.00100001
2.621 1 0.00100001
2.622 1 0.00100001
2.623 1 0.00100001
2.624 1 0.00100001
2.625 1 0.00100001
2.626 1 0.00100001
2.627 1 0.00100001
2.628 1 0.00100001
2.629 1 0.00100001
2.63 1 0.00100001
2.631 1 0.00100001
2.632 1 0.00100001
2.633 1 0.00100001
2.634 1 0.00100001
2.635 1 0.00100001
2.636 1 0.00100001
2.637 1 0.00100001
2.638 1 0.00100001
2.639 1 0.00100001
2.64 1 0.00100001
2.641 1 0.00100001
2.642 1 0.00100001
2.643 1 0.00100001
2.644 1 0.00100001
2.645 1 0.00100001
2.646 1 0.00100001
2.647 1 0.00100001
2.648 1 0.00100001
2.649 1 0.00100001
2.65 1 0.00100001
2.651 1 0.00100001
2.652 1 0.00100001
2.653 1 0.00100001
2.654 1 0.00100001
2.655 1 0.00100001
2.656 1 0.00100001
2.657 1 0.00100001
2.658 1 0.00100001
2.659 1 0.00100001
2.66 1 0.00100001
2.661 1 0.00100001
2.662 1 0.00100001
2.663 1 0.00100001
2.664 1 0.00100001
2.665 1 0.00100001
2.666 1 0.00100001
2.667 1 0.00100001
2.668 1 0.00100001
2.669 1 0.00100001
2.67 1 0.00100001
2.671 1 0.00100001
2.672 1 0.00100001
2.673 1 0.00100001
2.674 1 0.00100001
2.675 1 0.00100001
2.676 1 0.00100001
2.677 1 0.00100001
2.678 1 0.00100001
2.679 1 0.00100001
2.68 1 0.00100001
2.681 1 0.00100001
2.682 1 0.00100001
2.683 1 0.00100001
2.684 1 0.00100001
2.685 1 0.00100001
2.686 1 0.00100001
2.687 1 0.00100001
2.688 1 0.00100001
2.689 1 0.00100001
2.69 1 0.00100001
2.691 1 0.00100001
2.692 1 0.00100001
2.693 1 0.00100001
2.694 1 0.00100001
2.695 1 0.00100001
2.696 1 0.00100001
2.697 1 0.00100001
2.698 1 0.00100001
2.699 1 0.00100001
2.7 1 0.00100001
2.701 1 0.00100001
2.702 1 0.00100001
2.703 1 0.00100001
2.704 1 0.00100001
2.705 1 0.00100001
2.706 1 0.00100001
2.707 1 0.00100001
2.708 1 0.00100001
2.709 1 0.00100001
2.71 1 0.00100001
2.711 1 0.00100001
2.712 1 0.00100001
2.713 1 0.00100001
2.714 1 0.00100001
2.715 1 0.00100001
2.716 1 0.00100001
2.717 1 0.00100001
2.718 1 0.00100001
2.719 1 0.00100001
2.72 1 0.00100001
2.721 1 0.00100001
2.722 1 0.00100001
2.723 1 0.00100001
2.724 1 0.00100001
2.725 1 0.00100001
2.726 1 0.00100001
2.727 1 0.00100001
2.728 1 0.00100001
2.729 1 0.00100001
2.73 1 0.00100001
2.731 1 0.00100001
2.732 1 0.00100001
2.733 1 0.00100001
2.734 1 0.00100001
2.735 1 0.00100001
2.736 1 0.00100001
2.737 1 0.00100001
2.738 1 0.00100001
2.739 1 0.00100001
2.74 1 0.00100001
2.741 1 0.00100001
2.742 1 0.00100001
2.743 1 0.00100001
2.744 1 0.00100001
2.745 1 0.00100001
2.746 1 0.00100001
2.747 1 0.00100001
2.748 1 0.00100001
2.749 1 0.00100001
2.75 1 0.00100001
2.751 1 0.00100001
2.752 1 0.00100001
2.753 1 0.00100001
2.754 1 0.00100001
2.755 1 0.00100001
2.756 1 0.00100001
2.757 1 0.00100001
2.758 1 0.00100001
2.759 1 0.00100001
2.76 1 0.00100001
2.761 1 0.00100001
2.762 1 0.00100001
2.763 1 0.00100001
2.764 1 0.00100001
2.765 1 0.00100001
2.766 1 0.00100001
2.767 1 0.00100001
2.768 1 0.00100001
2.769 1 0.00100001
2.77 1 0.00100001
2.771 1 0.00100001
2.772 1 0.00100001
2.773 1 0.00100001
2.774 1 0.00100001
2.775 1 0.00100001
2.776 1 0.00100001
2.777 1 0.00100001
2.778 1 0.00100001
2.779 1 0.00100001
2.78 1 0.00100001
2.781 1 0.00100001
2.782 1 0.00100001
2.783 1 0.00100001
2.784 1 0.00100001
2.785 1 0.00100001
2.786 1 0.00100001
2.787 1 0.00100001
2.788 1 0.00100001
2.789 1 0.00100001
2.79 1 0.00100001
2.791 1 0.00100001
2.792 1 0.00100001
2.793 1 0.00100001
2.794 1 0.00100001
2.795 1 0.00100001
2.796 1 0.00100001
2.797 1 0.00100001
2.798 1 0.00100001
2.799 1 0.00100001
2.8 1 0.00100001
2.801 1 0.00100001
2.802 1 0.00100001
2.803 1 0.00100001
2.804 1 0.00100001
2.805 1 0.00100001
2.806 1 0.00100001
2.807 1 0.00100001
2.808 1 0.00100001
2.809 1 0.00100001
2.81 1 0.00100001
2.811 1 0.00100001
2.812 1 0.00100001
2.813 1 0.00100001
2.814 1 0.00100001
2.815 1 0.00100001
2.816 1 0.00100001
2.817 1 0.00100001
2.818 1 0.00100001
2.819 1 0.00100001
2.82 1 0.00100001
2.821 1 0.00100001
2.822 1 0.00100001
2.823 1 0.00100001
2.824 1 0.00100001
2.825 1 0.00100001
2.826 1 0.00100001
2.827 1 0.00100001
2.828 1 0.00100001
2.829 1 0.00100001
2.83 1 0.00100001
2.831 1 0.00100001
2.832 1 0.00100001
2.833 1 0.00100001
2.834 1 0.00100001
2.835 1 0.00100001
2.836 1 0.00100001
2.837 1 0.00100001
2.838 1 0.00100001
2.839 1 0.00100001
2.84 1 0.00100001
2.841 1 0.00100001
2.842 1 0.00100001
2.843 1 0.00100001
2.844 1 0.00100001
2.845 1 0.00100001
2.846 1 0.00100001
2.847 1 0.00100001
2.848 1 0.00100001
2.849 1 0.00100001
2.85 1 0.00100001
2.851 1 0.00100001
2.852 1 0.00100001
2.853 1 0.00100001
2.854 1 0.00100001
2.855 1 0.00100001
2.856 1 0.00100001
2.857 1 0.00100001
2.858 1 0.00100001
2.859 1 0.00100001
2.86 1 0.00100001
2.861 1 0.00100001
2.862 1 0.00100001
2.863 1 0.00100001
2.864 1 0.00100001
2.865 1 0.00100001
2.866 1 0.00100001
2.867 1 0.00100001
2.868 1 0.00100001
2.869 1 0.00100001
2.87 1 0.00100001
2.871 1 0.00100001
2.872 1 0.00100001
2.873 1 0.00100001
2.874 1 0.00100001
2.875 1 0.00100001
2.876 1 0.00100001
2.877 1 0.00100001
2.878 1 0.00100001
2.879 1 0.00100001
2.88 1 0.00100001
2.881 1 0.00100001
2.882 1 0.00100001
2.883 1 0.00100001
2.884 1 0.00100001
2.885 1 0.00100001
2.886 1 0.00100001
2.887 1 0.00100001
2.888 1 0.00100001
2.889 1 0.00100001
2.89 1 0.00100001
2.891 1 0.00100001
2.892 1 0.00100001
2.893 1 0.00100001
2.894 1 0.00100001
2.895 1 0.00100001
2.896 1 0.00100001
2.897 1 0.00100001
2.898 1 0.00100001
2.899 1 0.00100001
2.9 1 0.00100001
2.901 1 0.00100001
2.902 1 0.00100001
2.903 1 0.00100001
2.904 1 0.00100001
2.905 1 0.00100001
2.906 1 0.00100001
2.907 1 0.00100001
2.908 1 0.00100001
2.909 1 0.00100001
2.91 1 0.00100001
2.911 1 0.00100001
2.912 1 0.00100001
2.913 1 0.00100001
2.914 1 0.00100001
2.915 1 0.00100001
2.916 1 0.00100001
2.917 1 0.00100001
2.918 1 0.00100001
2.919 1 0.00100001
2.92 1 0.00100001
2.921 1 0.00100001
2.922 1 0.00100001
2.923 1 0.00100001
2.924 1 0.00100001
2.925 1 0.00100001
2.926 1 0.00100001
2.927 1 0.00100001
2.928 1 0.00100001
2.929 1 0.00100001
2.93 1 0.00100001
2.931 1 0.00100001
2.932 1 0.00100001
2.933 1 0.00100001
2.934 1 0.00100001
2.935 1 0.00100001
2.936 1 0.00100001
2.937 1 0.00100001
2.938 1 0.00100001
2.939 1 0.00100001
2.94 1 0.00100001
2.941 1 0.00100001
2.942 1 0.00100001
2.943 1 0.00100001
2.944 1 0.00100001
2.945 1 0.00100001
2.946 1 0.00100001
2.947 1 0.00100001
2.948 1 0.00100001
2.949 1 0.00100001
2.95 1 0.00100001
2.951 1 0.00100001
2.952 1 0.00100001
2.953 1 0.00100001
2.954 1 0.00100001
2.955 1 0.00100001
2.956 1 0.00100001
2.957 1 0.00100001
2.958 1 0.00100001
2.959 1 0.00100001
2.96 1 0.00100001
2.961 1 0.00100001
2.962 1 0.00100001
2.963 1 0.00100001
2.964 1 0.00100001
2.965 1 0.00100001
2.966 1 0.00100001
2.967 1 0.00100001
2.968 1 0.00100001
2.969 1 0.00100001
2.97 1 0.00100001
2.971 1 0.00100001
2.972 1 0.00100001
2.973 1 0.00100001
2.974 1 0.00100001
2.975 1 0.00100001
2.976 1 0.00100001
2.977 1 0.00100001
2.978 1 0.00100001
2.979 1 0.00100001
2.98 1 0.00100001
2.981 1 0.00100001
2.982 1 0.00100001
2.983 1 0.00100001
2.984 1 0.00100001
2.985 1 0.00100001
2.986 1 0.00100001
2.987 1 0.00100001
2.988 1 0.00100001
2.989 1 0.00100001
2.99 1 0.00100001
2.991 1 0.00100001
2.992 1 0.00100001
2.993 1 0.00100001
2.994 1 0.00100001
2.995 1 0.00100001
2.996 1 0.00100001
2.997 1 0.00100001
2.998 1 0.00100001
2.999 1 0.00100001
3 1 0.00100001
3.001 1 0.00100001
3.002 1 0.00100001
3.003 1 0.00100001
3.004 1 0.00100001
3.005 1 0.00100001
3.006 1 0.00100001
3.007 1 0.00100001
3.008 1 0.00100001
3.009 1 0.00100001
3.01 1 0.00100001
3.011 1 0.00100001
3.012 1 0.00100001
3.013 1 0.00100001
3.014 1 0.00100001
3.015 1 0.00100001
3.016 1 0.00100001
3.017 1 0.00100001
3.018 1 0.00100001
3.019 1 0.00100001
3.02 1 0.00100001
3.021 1 0.00100001
3.022 1 0.00100001
3.023 1 0.00100001
3.024 1 0.00100001
3.025 1 0.00100001
3.026 1 0.00100001
3.027 1 0.00100001
3.028 1 0.00100001
3.029 1 0.00100001
3.03 1 0.00100001
3.031 1 0.00100001
3.032 1 0.00100001
3.033 1 0.00100001
3.034 1 0.00100001
3.035 1 0.00100001
3.036 1 0.00100001
3.037 1 0.00100001
3.038 1 0.00100001
3.039 1 0.00100001
3.04 1 0.00100001
3.041 1 0.00100001
3.042 1 0.00100001
3.043 1 0.00100001
3.044 1 0.00100001
3.045 1 0.00100001
3.046 1 0.00100001
3.047 1 0.00100001
3.048 1 0.00100001
3.049 1 0.00100001
3.05 1 0.00100001
3.051 1 0.00100001
3.052 1 0.00100001
3.053 1 0.00100001
3.054 1 0.00100001
3.055 1 0.00100001
3.056 1 0.00100001
3.057 1 0.00100001
3.058 1 0.00100001
3.059 1 0.00100001
3.06 1 0.00100001
3.061 1 0.00100001
3.062 1 0.00100001
3.063 1 0.00100001
3.064 1 0.00100001
3.065 1 0.00100001
3.066 1 0.00100001
3.067 1 0.00100001
3.068 1 0.00100001
3.069 1 0.00100001
3.07 1 0.00100001
3.071 1 0.00100001
3.072 1 0.00100001
3.073 1 0.00100001
3.074 1 0.00100001
3.075 1 0.00100001
3.076 1 0.00100001
3.077 1 0.00100001
3.078 1 0.00100001
3.079 1 0.00100001
3.08 1 0.00100001
3.081 1 0.00100001
3.082 1 0.00100001
3.083 1 0.00100001
3.084 1 0.00100001
3.085 1 0.00100001
3.086 1 0.00100001
3.087 1 0.00100001
3.088 1 0.00100001
3.089 1 0.00100001
3.09 1 0.00100001
3.091 1 0.00100001
3.092 1 0.00100001
3.093 1 0.00100001
3.094 1 0.00100001
3.095 1 0.00100001
3.096 1 0.00100001
3.097 1 0.00100001
3.098 1 0.00100001
3.099 1 0.00100001
3.1 1 0.00100001
3.101 1 0.00100001
3.102 1 0.00100001
3.103 1 0.00100001
3.104 1 0.00100001
3.105 1 0.00100001
3.106 1 0.00100001
3.107 1 0.00100001
3.108 1 0.00100001
3.109 1 0.00100001
3.11 1 0.00100001
3.111 1 0.00100001
3.112 1 0.00100001
3.113 1 0.00100001
3.114 1 0.00100001
3.115 1 0.00100001
3.116 1 0.00100001
3.117 1 0.00100001
3.118 1 0.00100001
3.119 1 0.00100001
3.12 1 0.00100001
3.121 1 0.00100001
3.122 1 0.00100001
3.123 1 0.00100001
3.124 1 0.00100001
3.125 1 0.00100001
3.126 1 0.00100001
3.127 1 0.00100001
3.128 1 0.00100001
3.129 1 0.00100001
3.13 1 0.00100001
3.131 1 0.00100001
3.132 1 0.00100001
3.133 1 0.00100001
3.134 1 0.00100001
3.135 1 0.00100001
3.136 1 0.00100001
3.137 1 0.00100001
3.138 1 0.00100001
3.139 1 0.00100001
3.14 1 0.00100001
3.141 1 0.00100001
3.142 1 0.00100001
3.143 1 0.00100001
3.144 1 0.00100001
3.145 1 0.00100001
3.146 1 0.00100001
3.147 1 0.00100001
3.148 1 0.00100001
3.149 1 0.00100001
3.15 1 0.00100001
3.151 1 0.00100001
3.152 1 0.00100001
3.153 1 0.00100001
3.154 1 0.00100001
3.155 1 0.00100001
3.156 1 0.00100001
3.157 1 0.00100001
3.158 1 0.00100001
3.159 1 0.00100001
3.16 1 0.00100001
3.161 1 0.00100001
3.162 1 0.00100001
3.163 1 0.00100001
3.164 1 0.00100001
3.165 1 0.00100001
3.166 1 0.00100001
3.167 1 0.00100001
3.168 1 0.00100001
3.169 1 0.00100001
3.17 1 0.00100001
3.171 1 0.00100001
3.172 1 0.00100001
3.173 1 0.00100001
3.174 1 0.00100001
3.175 1 0.00100001
3.176 1 0.00100001
3.177 1 0.00100001
3.178 1 0.00100001
3.179 1 0.00100001
3.18 1 0.00100001
3.181 1 0.00100001
3.182 1 0.00100001
3.183 1 0.00100001
3.184 1 0.00100001
3.185 1 0.00100001
3.186 1 0.00100001
3.187 1 0.00100001
3.188 1 0.00100001
3.189 1 0.00100001
3.19 1 0.00100001
3.191 1 0.00100001
3.192 1 0.00100001
3.193 1 0.00100001
3.194 1 0.00100001
3.195 1 0.00100001
3.196 1 0.00100001
3.197 1 0.00100001
3.198 1 0.00100001
3.199 1 0.00100001
3.2 1 0.00100001
3.201 1 0.00100001
3.202 1 0.00100001
3.203 1 0.00100001
3.204 1 0.00100001
3.205 1 0.00100001
3.206 1 0.00100001
3.207 1 0.00100001
3.208 1 0.00100001
3.209 1 0.00100001
3.21 1 0.00100001
3.211 1 0.00100001
3.212 1 0.00100001
3.213 1 0.00100001
3.214 1 0.00100001
3.215 1 0.00100001
3.216 1 0.00100001
3.217 1 0.00100001
3.218 1 0.00100001
3.219 1 0.00100001
3.22 1 0.00100001
3.221 1 0.00100001
3.222 1 0.00100001
3.223 1 0.00100001
3.224 1 0.00100001
3.225 1 0.00100001
3.226 1 0.00100001
3.227 1 0.00100001
3.228 1 0.00100001
3.229 1 0.00100001
3.23 1 0.00100001
3.231 1 0.00100001
3.232 1 0.00100001
3.233 1 0.00100001
3.234 1 0.00100001
3.235 1 0.00100001
3.236 1 0.00100001
3.237 1 0.00100001
3.238 1 0.00100001
3.239 1 0.00100001
3.24 1 0.00100001
3.241 1 0.00100001
3.242 1 0.00100001
3.243 1 0.00100001
3.244 1 0.00100001
3.245 1 0.00100001
3.246 1 0.00100001
3.247 1 0.00100001
3.248 1 0.00100001
3.249 1 0.00100001
3.25 1 0.00100001
3.251 1 0.00100001
3.252 1 0.00100001
3.253 1 0.00100001
3.254 1 0.00100001
3.255 1 0.00100001
3.256 1 0.00100001
3.257 1 0.00100001
3.258 1 0.00100001
3.259 1 0.00100001
3.26 1 0.00100001
3.261 1 0.00100001
3.262 1 0.00100001
3.263 1 0.00100001
3.264 1 0.00100001
3.265 1 0.00100001
3.266 1 0.00100001
3.267 1 0.00100001
3.268 1 0.00100001
3.269 1 0.00100001
3.27 1 0.00100001
3.271 1 0.00100001
3.272 1 0.00100001
3.273 1 0.00100001
3.274 1 0.00100001
3.275 1 0.00100001
3.276 1 0.00100001
3.277 1 0.00100001
3.278 1 0.00100001
3.279 1 0.00100001
3.28 1 0.00100001
3.281 1 0.00100001
3.282 1 0.00100001
3.283 1 0.00100001
3.284 1 0.00100001
3.285 1 0.00100001
3.286 1 0.00100001
3.287 1 0.00100001
3.288 1 0.00100001
3.289 1 0.00100001
3.29 1 0.00100001
3.291 1 0.00100001
3.292 1 0.00100001
3.293 1 0.00100001
3.294 1 0.00100001
3.295 1 0.00100001
3.296 1 0.00100001
3.297 1 0.00100001
3.298 1 0.00100001
3.299 1 0.00100001
3.3 1 0.00100001
3.301 1 0.00100001
3.302 1 0.00100001
3.303 1 0.00100001
3.304 1 0.00100001
3.305 1 0.00100001
3.306 1 0.00100001
3.307 1 0.00100001
3.308 1 0.00100001
3.309 1 0.00100001
3.31 1 0.00100001
3.311 1 0.00100001
3.312 1 0.00100001
3.313 1 0.00100001
3.314 1 0.00100001
3.315 1 0.00100001
3.316 1 0.00100001
3.317 1 0.00100001
3.318 1 0.00100001
3.319 1 0.00100001
3.32 1 0.00100001
3.321 1 0.00100001
3.322 1 0.00100001
3.323 1 0.00100001
3.324 1 0.00100001
3.325 1 0.00100001
3.326 1 0.00100001
3.327 1 0.00100001
3.328 1 0.00100001
3.329 1 0.00100001
3.33 1 0.00100001
3.331 1 0.00100001
3.332 1 0.00100001
3.333 1 0.00100001
3.334 1 0.00100001
3.335 1 0.00100001
3.336 1 0.00100001
3.337 1 0.00100001
3.338 1 0.00100001
3.339 1 0.00100001
3.34 1 0.00100001
3.341 1 0.00100001
3.342 1 0.00100001
3.343 1 0.00100001
3.344 1 0.00100001
3.345 1 0.00100001
3.346 1 0.00100001
3.347 1 0.00100001
3.348 1 0.00100001
3.349 1 0.00100001
3.35 1 0.00100001
3.351 1 0.00100001
3.352 1 0.00100001
3.353 1 0.00100001
3.354 1 0.00100001
3.355 1 0.00100001
3.356 1 0.00100001
3.357 1 0.00100001
3.358 1 0.00100001
3.359 1 0.00100001
3.36 1 0.00100001
3.361 1 0.00100001
3.362 1 0.00100001
3.363 1 0.00100001
3.364 1 0.00100001
3.365 1 0.00100001
3.366 1 0.00100001
3.367 1 0.00100001
3.368 1 0.00100001
3.369 1 0.00100001
3.37 1 0.00100001
3.371 1 0.00100001
3.372 1 0.00100001
3.373 1 0.00100001
3.374 1 0.00100001
3.375 1 0.00100001
3.376 1 0.00100001
3.377 1 0.00100001
3.378 1 0.00100001
3.379 1 0.00100001
3.38 1 0.00100001
3.381 1 0.00100001
3.382 1 0.00100001
3.383 1 0.00100001
3.384 1 0.00100001
3.385 1 0.00100001
3.386 1 0.00100001
3.387 1 0.00100001
3.388 1 0.00100001
3.389 1 0.00100001
3.39 1 0.00100001
3.391 1 0.00100001
3.392 1 0.00100001
3.393 1 0.00100001
3.394 1 0.00100001
3.395 1 0.00100001
3.396 1 0.00100001
3.397 1 0.00100001
3.398 1 0.00100001
3.399 1 0.00100001
3.4 1 0.00100001
3.401 1 0.00100001
3.402 1 0.00100001
3.403 1 0.00100001
3.404 1 0.00100001
3.405 1 0.00100001
3.406 1 0.00100001
3.407 1 0.00100001
3.408 1 0.00100001
3.409 1 0.00100001
3.41 1 0.00100001
3.411 1 0.00100001
3.412 1 0.00100001
3.413 1 0.00100001
3.414 1 0.00100001
3.415 1 0.00100001
3.416 1 0.00100001
3.417 1 0.00100001
3.418 1 0.00100001
3.419 1 0.00100001
3.42 1 0.00100001
3.421 1 0.00100001
3.422 1 0.00100001
3.423 1 0.00100001
3.424 1 0.00100001
3.425 1 0.00100001
3.426 1 0.00100001
3.427 1 0.00100001
3.428 1 0.00100001
3.429 1 0.00100001
3.43 1 0.00100001
3.431 1 0.00100001
3.432 1 0.00100001
3.433 1 0.00100001
3.434 1 0.00100001
3.435 1 0.00100001
3.436 1 0.00100001
3.437 1 0.00100001
3.438 1 0.00100001
3.439 1 0.00100001
3.44 1 0.00100001
3.441 1 0.00100001
3.442 1 0.00100001
3.443 1 0.00100001
3.444 1 0.00100001
3.445 1 0.00100001
3.446 1 0.00100001
3.447 1 0.00100001
3.448 1 0.00100001
3.449 1 0.00100001
3.45 1 0.00100001
3.451 1 0.00100001
3.452 1 0.00100001
3.453 1 0.00100001
3.454 1 0.00100001
3.455 1 0.00100001
3.456 1 0.00100001
3.457 1 0.00100001
3.458 1 0.00100001
3.459 1 0.00100001
3.46 1 0.00100001
3.461 1 0.00100001
3.462 1 0.00100001
3.463 1 0.00100001
3.464 1 0.00100001
3.465 1 0.00100001
3.466 1 0.00100001
3.467 1 0.00100001
3.468 1 0.00100001
3.469 1 0.00100001
3.47 1 0.00100001
3.471 1 0.00100001
3.472 1 0.00100001
3.473 1 0.00100001
3.474 1 0.00100001
3.475 1 0.00100001
3.476 1 0.00100001
3.477 1 0.00100001
3.478 1 0.00100001
3.479 1 0.00100001
3.48 1 0.00100001
3.481 1 0.00100001
3.482 1 0.00100001
3.483 1 0.00100001
3.484 1 0.00100001
3.485 1 0.00100001
3.486 1 0.00100001
3.487 1 0.00100001
3.488 1 0.00100001
3.489 1 0.00100001
3.49 1 0.00100001
3.491 1 0.00100001
3.492 1 0.00100001
3.493 1 0.00100001
3.494 1 0.00100001
3.495 1 0.00100001
3.496 1 0.00100001
3.497 1 0.00100001
3.498 1 0.00100001
3.499 1 0.00100001
3.5 1 0.00100001
3.501 1 0.00100001
3.502 1 0.00100001
3.503 1 0.00100001
3.504 1 0.00100001
3.505 1 0.00100001
3.506 1 0.00100001
3.507 1 0.00100001
3.508 1 0.00100001
3.509 1 0.00100001
3.51 1 0.00100001
3.511 1 0.00100001
3.512 1 0.00100001
3.513 1 0.00100001
3.514 1 0.00100001
3.515 1 0.00100001
3.516 1 0.00100001
3.517 1 0.00100001
3.518 1 0.00100001
3.519 1 0.00100001
3.52 1 0.00100001
3.521 1 0.00100001
3.522 1 0.00100001
3.523 1 0.00100001
3.524 1 0.00100001
3.525 1 0.00100001
3.526 1 0.00100001
3.527 1 0.00100001
3.528 1 0.00100001
3.529 1 0.00100001
3.53 1 0.00100001
3.531 1 0.00100001
3.532 1 0.00100001
3.533 1 0.00100001
3.534 1 0.00100001
3.535 1 0.00100001
3.536 1 0.00100001
3.537 1 0.00100001
3.538 1 0.00100001
3.539 1 0.00100001
3.54 1 0.00100001
3.541 1 0.00100001
3.542 1 0.00100001
3.543 1 0.00100001
3.544 1 0.00100001
3.545 1 0.00100001
3.546 1 0.00100001
3.547 1 0.00100001
3.548 1 0.00100001
3.549 1 0.00100001
3.55 1 0.00100001
3.551 1 0.00100001
3.552 1 0.00100001
3.553 1 0.00100001
3.554 1 0.00100001
3.555 1 0.00100001
3.556 1 0.00100001
3.557 1 0.00100001
3.558 1 0.00100001
3.559 1 0.00100001
3.56 1 0.00100001
3.561 1 0.00100001
3.562 1 0.00100001
3.563 1 0.00100001
3.564 1 0.00100001
3.565 1 0.00100001
3.566 1 0.00100001
3.567 1 0.00100001
3.568 1 0.00100001
3.569 1 0.00100001
3.57 1 0.00100001
3.571 1 0.00100001
3.572 1 0.00100001
3.573 1 0.00100001
3.574 1 0.00100001
3.575 1 0.00100001
3.576 1 0.00100001
3.577 1 0.00100001
3.578 1 0.00100001
3.579 1 0.00100001
3.58 1 0.00100001
3.581 1 0.00100001
3.582 1 0.00100001
3.583 1 0.00100001
3.584 1 0.00100001
3.585 1 0.00100001
3.586 1 0.00100001
3.587 1 0.00100001
3.588 1 0.00100001
3.589 1 0.00100001
3.59 1 0.00100001
3.591 1 0.00100001
3.592 1 0.00100001
3.593 1 0.00100001
3.594 1 0.00100001
3.595 1 0.00100001
3.596 1 0.00100001
3.597 1 0.00100001
3.598 1 0.00100001
3.599 1 0.00100001
3.6 1 0.00100001
3.601 1 0.00100001
3.602 1 0.00100001
3.603 1 0.00100001
3.604 1 0.00100001
3.605 1 0.00100001
3.606 1 0.00100001
3.607 1 0.00100001
3.608 1 0.00100001
3.609 1 0.00100001
3.61 1 0.00100001
3.611 1 0.00100001
3.612 1 0.00100001
3.613 1 0.00100001
3.614 1 0.00100001
3.615 1 0.00100001
3.616 1 0.00100001
3.617 1 0.00100001
3.618 1 0.00100001
3.619 1 0.00100001
3.62 1 0.00100001
3.621 1 0.00100001
3.622 1 0.00100001
3.623 1 0.00100001
3.624 1 0.00100001
3.625 1 0.00100001
3.626 1 0.00100001
3.627 1 0.00100001
3.628 1 0.00100001
3.629 1 0.00100001
3.63 1 0.00100001
3.631 1 0.00100001
3.632 1 0.00100001
3.633 1 0.00100001
3.634 1 0.00100001
3.635 1 0.00100001
3.636 1 0.00100001
3.637 1 0.00100001
3.638 1 0.00100001
3.639 1 0.00100001
3.64 1 0.00100001
3.641 1 0.00100001
3.642 1 0.00100001
3.643 1 0.00100001
3.644 1 0.00100001
3.645 1 0.00100001
3.646 1 0.00100001
3.647 1 0.00100001
3.648 1 0.00100001
3.649 1 0.00100001
3.65 1 0.00100001
3.651 1 0.00100001
3.652 1 0.00100001
3.653 1 0.00100001
3.654 1 0.00100001
3.655 1 0.00100001
3.656 1 0.00100001
3.657 1 0.00100001
3.658 1 0.00100001
3.659 1 0.00100001
3.66 1 0.00100001
3.661 1 0.00100001
3.662 1 0.00100001
3.663 1 0.00100001
3.664 1 0.00100001
3.665 1 0.00100001
3.666 1 0.00100001
3.667 1 0.00100001
3.668 1 0.00100001
3.669 1 0.00100001
3.67 1 0.00100001
3.671 1 0.00100001
3.672 1 0.00100001
3.673 1 0.00100001
3.674 1 0.00100001
3.675 1 0.00100001
3.676 1 0.00100001
3.677 1 0.00100001
3.678 1 0.00100001
3.679 1 0.00100001
3.68 1 0.00100001
3.681 1 0.00100001
3.682 1 0.00100001
3.683 1 0.00100001
3.684 1 0.00100001
3.685 1 0.00100001
3.686 1 0.00100001
3.687 1 0.00100001
3.688 1 0.00100001
3.689 1 0.00100001
3.69 1 0.00100001
3.691 1 0.00100001
3.692 1 0.00100001
3.693 1 0.00100001
3.694 1 0.00100001
3.695 1 0.00100001
3.696 1 0.00100001
3.697 1 0.00100001
3.698 1 0.00100001
3.699 1 0.00100001
3.7 1 0.00100001
3.701 1 0.00100001
3.702 1 0.00100001
3.703 1 0.00100001
3.704 1 0.00100001
3.705 1 0.00100001
3.706 1 0.00100001
3.707 1 0.00100001
3.708 1 0.00100001
3.709 1 0.00100001
3.71 1 0.00100001
3.711 1 0.00100001
3.712 1 0.00100001
3.713 1 0.00100001
3.714 1 0.00100001
3.715 1 0.00100001
3.716 1 0.00100001
3.717 1 0.00100001
3.718 1 0.00100001
3.719 1 0.00100001
3.72 1 0.00100001
3.721 1 0.00100001
3.722 1 0.00100001
3.723 1 0.00100001
3.724 1 0.00100001
3.725 1 0.00100001
3.726 1 0.00100001
3.727 1 0.00100001
3.728 1 0.00100001
3.729 1 0.00100001
3.73 1 0.00100001
3.731 1 0.00100001
3.732 1 0.00100001
3.733 1 0.00100001
3.734 1 0.00100001
3.735 1 0.00100001
3.736 1 0.00100001
3.737 1 0.00100001
3.738 1 0.00100001
3.739 1 0.00100001
3.74 1 0.00100001
3.741 1 0.00100001
3.742 1 0.00100001
3.743 1 0.00100001
3.744 1 0.00100001
3.745 1 0.00100001
3.746 1 0.00100001
3.747 1 0.00100001
3.748 1 0.00100001
3.749 1 0.00100001
3.75 1 0.00100001
3.751 1 0.00100001
3.752 1 0.00100001
3.753 1 0.00100001
3.754 1 0.00100001
3.755 1 0.00100001
3.756 1 0.00100001
3.757 1 0.00100001
3.758 1 0.00100001
3.759 1 0.00100001
3.76 1 0.00100001
3.761 1 0.00100001
3.762 1 0.00100001
3.763 1 0.00100001
3.764 1 0.00100001
3.765 1 0.00100001
3.766 1 0.00100001
3.767 1 0.00100001
3.768 1 0.00100001
3.769 1 0.00100001
3.77 1 0.00100001
3.771 1 0.00100001
3.772 1 0.00100001
3.773 1 0.00100001
3.774 1 0.00100001
3.775 1 0.00100001
3.776 1 0.00100001
3.777 1 0.00100001
3.778 1 0.00100001
3.779 1 0.00100001
3.78 1 0.00100001
3.781 1 0.00100001
3.782 1 0.00100001
3.783 1 0.00100001
3.784 1 0.00100001
3.785 1 0.00100001
3.786 1 0.00100001
3.787 1 0.00100001
3.788 1 0.00100001
3.789 1 0.00100001
3.79 1 0.00100001
3.791 1 0.00100001
3.792 1 0.00100001
3.793 1 0.00100001
3.794 1 0.00100001
3.795 1 0.00100001
3.796 1 0.00100001
3.797 1 0.00100001
3.798 1 0.00100001
3.799 1 0.00100001
3.8 1 0.00100001
3.801 1 0.00100001
3.802 1 0.00100001
3.803 1 0.00100001
3.804 1 0.00100001
3.805 1 0.00100001
3.806 1 0.00100001
3.807 1 0.00100001
3.808 1 0.00100001
3.809 1 0.00100001
3.81 1 0.00100001
3.811 1 0.00100001
3.812 1 0.00100001
3.813 1 0.00100001
3.814 1 0.00100001
3.815 1 0.00100001
3.816 1 0.00100001
3.817 1 0.00100001
3.818 1 0.00100001
3.819 1 0.00100001
3.82 1 0.00100001
3.821 1 0.00100001
3.822 1 0.00100001
3.823 1 0.00100001
3.824 1 0.00100001
3.825 1 0.00100001
3.826 1 0.00100001
3.827 1 0.00100001
3.828 1 0.00100001
3.829 1 0.00100001
3.83 1 0.00100001
3.831 1 0.00100001
3.832 1 0.00100001
3.833 1 0.00100001
3.834 1 0.00100001
3.835 1 0.00100001
3.836 1 0.00100001
3.837 1 0.00100001
3.838 1 0.00100001
3.839 1 0.00100001
3.84 1 0.00100001
3.841 1 0.00100001
3.842 1 0.00100001
3.843 1 0.00100001
3.844 1 0.00100001
3.845 1 0.00100001
3.846 1 0.00100001
3.847 1 0.00100001
3.848 1 0.00100001
3.849 1 0.00100001
3.85 1 0.00100001
3.851 1 0.00100001
3.852 1 0.00100001
3.853 1 0.00100001
3.854 1 0.00100001
3.855 1 0.00100001
3.856 1 0.00100001
3.857 1 0.00100001
3.858 1 0.00100001
3.859 1 0.00100001
3.86 1 0.00100001
3.861 1 0.00100001
3.862 1 0.00100001
3.863 1 0.00100001
3.864 1 0.00100001
3.865 1 0.00100001
3.866 1 0.00100001
3.867 1 0.00100001
3.868 1 0.00100001
3.869 1 0.00100001
3.87 1 0.00100001
3.871 1 0.00100001
3.872 1 0.00100001
3.873 1 0.00100001
3.874 1 0.00100001
3.875 1 0.00100001
3.876 1 0.00100001
3.877 1 0.00100001
3.878 1 0.00100001
3.879 1 0.00100001
3.88 1 0.00100001
3.881 1 0.00100001
3.882 1 0.00100001
3.883 1 0.00100001
3.884 1 0.00100001
3.885 1 0.00100001
3.886 1 0.00100001
3.887 1 0.00100001
3.888 1 0.00100001
3.889 1 0.00100001
3.89 1 0.00100001
3.891 1 0.00100001
3.892 1 0.00100001
3.893 1 0.00100001
3.894 1 0.00100001
3.895 1 0.00100001
3.896 1 0.00100001
3.897 1 0.00100001
3.898 1 0.00100001
3.899 1 0.00100001
3.9 1 0.00100001
3.901 1 0.00100001
3.902 1 0.00100001
3.903 1 0.00100001
3.904 1 0.00100001
3.905 1 0.00100001
3.906 1 0.00100001
3.907 1 0.00100001
3.908 1 0.00100001
3.909 1 0.00100001
3.91 1 0.00100001
3.911 1 0.00100001
3.912 1 0.00100001
3.913 1 0.00100001
3.914 1 0.00100001
3.915 1 0.00100001
3.916 1 0.00100001
3.917 1 0.00100001
3.918 1 0.00100001
3.919 1 0.00100001
3.92 1 0.00100001
3.921 1 0.00100001
3.922 1 0.00100001
3.923 1 0.00100001
3.924 1 0.00100001
3.925 1 0.00100001
3.926 1 0.00100001
3.927 1 0.00100001
3.928 1 0.00100001
3.929 1 0.00100001
3.93 1 0.00100001
3.931 1 0.00100001
3.932 1 0.00100001
3.933 1 0.00100001
3.934 1 0.00100001
3.935 1 0.00100001
3.936 1 0.00100001
3.937 1 0.00100001
3.938 1 0.00100001
3.939 1 0.00100001
3.94 1 0.00100001
3.941 1 0.00100001
3.942 1 0.00100001
3.943 1 0.00100001
3.944 1 0.00100001
3.945 1 0.00100001
3.946 1 0.00100001
3.947 1 0.00100001
3.948 1 0.00100001
3.949 1 0.00100001
3.95 1 0.00100001
3.951 1 0.00100001
3.952 1 0.00100001
3.953 1 0.00100001
3.954 1 0.00100001
3.955 1 0.00100001
3.956 1 0.00100001
3.957 1 0.00100001
3.958 1 0.00100001
3.959 1 0.00100001
3.96 1 0.00100001
3.961 1 0.00100001
3.962 1 0.00100001
3.963 1 0.00100001
3.964 1 0.00100001
3.965 1 0.00100001
3.966 1 0.00100001
3.967 1 0.00100001
3.968 1 0.00100001
3.969 1 0.00100001
3.97 1 0.00100001
3.971 1 0.00100001
3.972 1 0.00100001
3.973 1 0.00100001
3.974 1 0.00100001
3.975 1 0.00100001
3.976 1 0.00100001
3.977 1 0.00100001
3.978 1 0.00100001
3.979 1 0.00100001
3.98 1 0.00100001
3.981 1 0.00100001
3.982 1 0.00100001
3.983 1 0.00100001
3.984 1 0.00100001
3.985 1 0.00100001
3.986 1 0.00100001
3.987 1 0.00100001
3.988 1 0.00100001
3.989 1 0.00100001
3.99 1 0.00100001
3.991 1 0.00100001
3.992 1 0.00100001
3.993 1 0.00100001
3.994 1 0.00100001
3.995 1 0.00100001
3.996 1 0.00100001
3.997 1 0.00100001
3.998 1 0.00100001
3.999 1 0.00100001
4 1 0.00100001
4.001 1 0.00100001
4.002 1 0.00100001
4.003 1 0.00100001
4.004 1 0.00100001
4.005 1 0.00100001
4.006 1 0.00100001
4.007 1 0.00100001
4.008 1 0.00100001
4.009 1 0.00100001
4.01 1 0.00100001
4.011 1 0.00100001
4.012 1 0.00100001
4.013 1 0.00100001
4.014 1 0.00100001
4.015 1 0.00100001
4.016 1 0.00100001
4.017 1 0.00100001
4.018 1 0.00100001
4.019 1 0.00100001
4.02 1 0.00100001
4.021 1 0.00100001
4.022 1 0.00100001
4.023 1 0.00100001
4.024 1 0.00100001
4.025 1 0.00100001
4.026 1 0.00100001
4.027 1 0.00100001
4.028 1 0.00100001
4.029 1 0.00100001
4.03 1 0.00100001
4.031 1 0.00100001
4.032 1 0.00100001
4.033 1 0.00100001
4.034 1 0.00100001
4.035 1 0.00100001
4.036 1 0.00100001
4.037 1 0.00100001
4.038 1 0.00100001
4.039 1 0.00100001
4.04 1 0.00100001
4.041 1 0.00100001
4.042 1 0.00100001
4.043 1 0.00100001
4.044 1 0.00100001
4.045 1 0.00100001
4.046 1 0.00100001
4.047 1 0.00100001
4.048 1 0.00100001
4.049 1 0.00100001
4.05 1 0.00100001
4.051 1 0.00100001
4.052 1 0.00100001
4.053 1 0.00100001
4.054 1 0.00100001
4.055 1 0.00100001
4.056 1 0.00100001
4.057 1 0.00100001
4.058 1 0.00100001
4.059 1 0.00100001
4.06 1 0.00100001
4.061 1 0.00100001
4.062 1 0.00100001
4.063 1 0.00100001
4.064 1 0.00100001
4.065 1 0.00100001
4.066 1 0.00100001
4.067 1 0.00100001
4.068 1 0.00100001
4.069 1 0.00100001
4.07 1 0.00100001
4.071 1 0.00100001
4.072 1 0.00100001
4.073 1 0.00100001
4.074 1 0.00100001
4.075 1 0.00100001
4.076 1 0.00100001
4.077 1 0.00100001
4.078 1 0.00100001
4.079 1 0.00100001
4.08 1 0.00100001
4.081 1 0.00100001
4.082 1 0.00100001
4.083 1 0.00100001
4.084 1 0.00100001
4.085 1 0.00100001
4.086 1 0.00100001
4.087 1 0.00100001
4.088 1 0.00100001
4.089 1 0.00100001
4.09 1 0.00100001
4.091 1 0.00100001
4.092 1 0.00100001
4.093 1 0.00100001
4.094 1 0.00100001
4.095 1 0.00100001
4.096 1 0.00100001
4.097 1 0.00100001
4.098 1 0.00100001
4.099 1 0.00100001
4.1 1 0.00100001
4.101 1 0.00100001
4.102 1 0.00100001
4.103 1 0.00100001
4.104 1 0.00100001
4.105 1 0.00100001
4.106 1 0.00100001
4.107 1 0.00100001
4.108 1 0.00100001
4.109 1 0.00100001
4.11 1 0.00100001
4.111 1 0.00100001
4.112 1 0.00100001
4.113 1 0.00100001
4.114 1 0.00100001
4.115 1 0.00100001
4.116 1 0.00100001
4.117 1 0.00100001
4.118 1 0.00100001
4.119 1 0.00100001
4.12 1 0.00100001
4.121 1 0.00100001
4.122 1 0.00100001
4.123 1 0.00100001
4.124 1 0.00100001
4.125 1 0.00100001
4.126 1 0.00100001
4.127 1 0.00100001
4.128 1 0.00100001
4.129 1 0.00100001
4.13 1 0.00100001
4.131 1 0.00100001
4.132 1 0.00100001
4.133 1 0.00100001
4.134 1 0.00100001
4.135 1 0.00100001
4.136 1 0.00100001
4.137 1 0.00100001
4.138 1 0.00100001
4.139 1 0.00100001
4.14 1 0.00100001
4.141 1 0.00100001
4.142 1 0.00100001
4.143 1 0.00100001
4.144 1 0.00100001
4.145 1 0.00100001
4.146 1 0.00100001
4.147 1 0.00100001
4.148 1 0.00100001
4.149 1 0.00100001
4.15 1 0.00100001
4.151 1 0.00100001
4.152 1 0.00100001
4.153 1 0.00100001
4.154 1 0.00100001
4.155 1 0.00100001
4.156 1 0.00100001
4.157 1 0.00100001
4.158 1 0.00100001
4.159 1 0.00100001
4.16 1 0.00100001
4.161 1 0.00100001
4.162 1 0.00100001
4.163 1 0.00100001
4.164 1 0.00100001
4.165 1 0.00100001
4.166 1 0.00100001
4.167 1 0.00100001
4.168 1 0.00100001
4.169 1 0.00100001
4.17 1 0.00100001
4.171 1 0.00100001
4.172 1 0.00100001
4.173 1 0.00100001
4.174 1 0.00100001
4.175 1 0.00100001
4.176 1 0.00100001
4.177 1 0.00100001
4.178 1 0.00100001
4.179 1 0.00100001
4.18 1 0.00100001
4.181 1 0.00100001
4.182 1 0.00100001
4.183 1 0.00100001
4.184 1 0.00100001
4.185 1 0.00100001
4.186 1 0.00100001
4.187 1 0.00100001
4.188 1 0.00100001
4.189 1 0.00100001
4.19 1 0.00100001
4.191 1 0.00100001
4.192 1 0.00100001
4.193 1 0.00100001
4.194 1 0.00100001
4.195 1 0.00100001
4.196 1 0.00100001
4.197 1 0.00100001
4.198 1 0.00100001
4.199 1 0.00100001
4.2 1 0.00100001
4.201 1 0.00100001
4.202 1 0.00100001
4.203 1 0.00100001
4.204 1 0.00100001
4.205 1 0.00100001
4.206 1 0.00100001
4.207 1 0.00100001
4.208 1 0.00100001
4.209 1 0.00100001
4.21 1 0.00100001
4.211 1 0.00100001
4.212 1 0.00100001
4.213 1 0.00100001
4.214 1 0.00100001
4.215 1 0.00100001
4.216 1 0.00100001
4.217 1 0.00100001
4.218 1 0.00100001
4.219 1 0.00100001
4.22 1 0.00100001
4.221 1 0.00100001
4.222 1 0.00100001
4.223 1 0.00100001
4.224 1 0.00100001
4.225 1 0.00100001
4.226 1 0.00100001
4.227 1 0.00100001
4.228 1 0.00100001
4.229 1 0.00100001
4.23 1 0.00100001
4.231 1 0.00100001
4.232 1 0.00100001
4.233 1 0.00100001
4.234 1 0.00100001
4.235 1 0.00100001
4.236 1 0.00100001
4.237 1 0.00100001
4.238 1 0.00100001
4.239 1 0.00100001
4.24 1 0.00100001
4.241 1 0.00100001
4.242 1 0.00100001
4.243 1 0.00100001
4.244 1 0.00100001
4.245 1 0.00100001
4.246 1 0.00100001
4.247 1 0.00100001
4.248 1 0.00100001
4.249 1 0.00100001
4.25 1 0.00100001
4.251 1 0.00100001
4.252 1 0.00100001
4.253 1 0.00100001
4.254 1 0.00100001
4.255 1 0.00100001
4.256 1 0.00100001
4.257 1 0.00100001
4.258 1 0.00100001
4.259 1 0.00100001
4.26 1 0.00100001
4.261 1 0.00100001
4.262 1 0.00100001
4.263 1 0.00100001
4.264 1 0.00100001
4.265 1 0.00100001
4.266 1 0.00100001
4.267 1 0.00100001
4.268 1 0.00100001
4.269 1 0.00100001
4.27 1 0.00100001
4.271 1 0.00100001
4.272 1 0.00100001
4.273 1 0.00100001
4.274 1 0.00100001
4.275 1 0.00100001
4.276 1 0.00100001
4.277 1 0.00100001
4.278 1 0.00100001
4.279 1 0.00100001
4.28 1 0.00100001
4.281 1 0.00100001
4.282 1 0.00100001
4.283 1 0.00100001
4.284 1 0.00100001
4.285 1 0.00100001
4.286 1 0.00100001
4.287 1 0.00100001
4.288 1 0.00100001
4.289 1 0.00100001
4.29 1 0.00100001
4.291 1 0.00100001
4.292 1 0.00100001
4.293 1 0.00100001
4.294 1 0.00100001
4.295 1 0.00100001
4.296 1 0.00100001
4.297 1 0.00100001
4.298 1 0.00100001
4.299 1 0.00100001
4.3 1 0.00100001
4.301 1 0.00100001
4.302 1 0.00100001
4.303 1 0.00100001
4.304 1 0.00100001
4.305 1 0.00100001
4.306 1 0.00100001
4.307 1 0.00100001
4.308 1 0.00100001
4.309 1 0.00100001
4.31 1 0.00100001
4.311 1 0.00100001
4.312 1 0.00100001
4.313 1 0.00100001
4.314 1 0.00100001
4.315 1 0.00100001
4.316 1 0.00100001
4.317 1 0.00100001
4.318 1 0.00100001
4.319 1 0.00100001
4.32 1 0.00100001
4.321 1 0.00100001
4.322 1 0.00100001
4.323 1 0.00100001
4.324 1 0.00100001
4.325 1 0.00100001
4.326 1 0.00100001
4.327 1 0.00100001
4.328 1 0.00100001
4.329 1 0.00100001
4.33 1 0.00100001
4.331 1 0.00100001
4.332 1 0.00100001
4.333 1 0.00100001
4.334 1 0.00100001
4.335 1 0.00100001
4.336 1 0.00100001
4.337 1 0.00100001
4.338 1 0.00100001
4.339 1 0.00100001
4.34 1 0.00100001
4.341 1 0.00100001
4.342 1 0.00100001
4.343 1 0.00100001
4.344 1 0.00100001
4.345 1 0.00100001
4.346 1 0.00100001
4.347 1 0.00100001
4.348 1 0.00100001
4.349 1 0.00100001
4.35 1 0.00100001
4.351 1 0.00100001
4.352 1 0.00100001
4.353 1 0.00100001
4.354 1 0.00100001
4.355 1 0.00100001
4.356 1 0.00100001
4.357 1 0.00100001
4.358 1 0.00100001
4.359 1 0.00100001
4.36 1 0.00100001
4.361 1 0.00100001
4.362 1 0.00100001
4.363 1 0.00100001
4.364 1 0.00100001
4.365 1 0.00100001
4.366 1 0.00100001
4.367 1 0.00100001
4.368 1 0.00100001
4.369 1 0.00100001
4.37 1 0.00100001
4.371 1 0.00100001
4.372 1 0.00100001
4.373 1 0.00100001
4.374 1 0.00100001
4.375 1 0.00100001
4.376 1 0.00100001
4.377 1 0.00100001
4.378 1 0.00100001
4.379 1 0.00100001
4.38 1 0.00100001
4.381 1 0.00100001
4.382 1 0.00100001
4.383 1 0.00100001
4.384 1 0.00100001
4.385 1 0.00100001
4.386 1 0.00100001
4.387 1 0.00100001
4.388 1 0.00100001
4.389 1 0.00100001
4.39 1 0.00100001
4.391 1 0.00100001
4.392 1 0.00100001
4.393 1 0.00100001
4.394 1 0.00100001
4.395 1 0.00100001
4.396 1 0.00100001
4.397 1 0.00100001
4.398 1 0.00100001
4.399 1 0.00100001
4.4 1 0.00100001
4.401 1 0.00100001
4.402 1 0.00100001
4.403 1 0.00100001
4.404 1 0.00100001
4.405 1 0.00100001
4.406 1 0.00100001
4.407 1 0.00100001
4.408 1 0.00100001
4.409 1 0.00100001
4.41 1 0.00100001
4.411 1 0.00100001
4.412 1 0.00100001
4.413 1 0.00100001
4.414 1 0.00100001
4.415 1 0.00100001
4.416 1 0.00100001
4.417 1 0.00100001
4.418 1 0.00100001
4.419 1 0.00100001
4.42 1 0.00100001
4.421 1 0.00100001
4.422 1 0.00100001
4.423 1 0.00100001
4.424 1 0.00100001
4.425 1 0.00100001
4.426 1 0.00100001
4.427 1 0.00100001
4.428 1 0.00100001
4.429 1 0.00100001
4.43 1 0.00100001
4.431 1 0.00100001
4.432 1 0.00100001
4.433 1 0.00100001
4.434 1 0.00100001
4.435 1 0.00100001
4.436 1 0.00100001
4.437 1 0.00100001
4.438 1 0.00100001
4.439 1 0.00100001
4.44 1 0.00100001
4.441 1 0.00100001
4.442 1 0.00100001
4.443 1 0.00100001
4.444 1 0.00100001
4.445 1 0.00100001
4.446 1 0.00100001
4.447 1 0.00100001
4.448 1 0.00100001
4.449 1 0.00100001
4.45 1 0.00100001
4.451 1 0.00100001
4.452 1 0.00100001
4.453 1 0.00100001
4.454 1 0.00100001
4.455 1 0.00100001
4.456 1 0.00100001
4.457 1 0.00100001
4.458 1 0.00100001
4.459 1 0.00100001
4.46 1 0.00100001
4.461 1 0.00100001
4.462 1 0.00100001
4.463 1 0.00100001
4.464 1 0.00100001
4.465 1 0.00100001
4.466 1 0.00100001
4.467 1 0.00100001
4.468 1 0.00100001
4.469 1 0.00100001
4.47 1 0.00100001
4.471 1 0.00100001
4.472 1 0.00100001
4.473 1 0.00100001
4.474 1 0.00100001
4.475 1 0.00100001
4.476 1 0.00100001
4.477 1 0.00100001
4.478 1 0.00100001
4.479 1 0.00100001
4.48 1 0.00100001
4.481 1 0.00100001
4.482 1 0.00100001
4.483 1 0.00100001
4.484 1 0.00100001
4.485 1 0.00100001
4.486 1 0.00100001
4.487 1 0.00100001
4.488 1 0.00100001
4.489 1 0.00100001
4.49 1 0.00100001
4.491 1 0.00100001
4.492 1 0.00100001
4.493 1 0.00100001
4.494 1 0.00100001
4.495 1 0.00100001
4.496 1 0.00100001
4.497 1 0.00100001
4.498 1 0.00100001
4.499 1 0.00100001
4.5 1 0.00100001
4.501 1 0.00100001
4.502 1 0.00100001
4.503 1 0.00100001
4.504 1 0.00100001
4.505 1 0.00100001
4.506 1 0.00100001
4.507 1 0.00100001
4.508 1 0.00100001
4.509 1 0.00100001
4.51 1 0.00100001
4.511 1 0.00100001
4.512 1 0.00100001
4.513 1 0.00100001
4.514 1 0.00100001
4.515 1 0.00100001
4.516 1 0.00100001
4.517 1 0.00100001
4.518 1 0.00100001
4.519 1 0.00100001
4.52 1 0.00100001
4.521 1 0.00100001
4.522 1 0.00100001
4.523 1 0.00100001
4.524 1 0.00100001
4.525 1 0.00100001
4.526 1 0.00100001
4.527 1 0.00100001
4.528 1 0.00100001
4.529 1 0.00100001
4.53 1 0.00100001
4.531 1 0.00100001
4.532 1 0.00100001
4.533 1 0.00100001
4.534 1 0.00100001
4.535 1 0.00100001
4.536 1 0.00100001
4.537 1 0.00100001
4.538 1 0.00100001
4.539 1 0.00100001
4.54 1 0.00100001
4.541 1 0.00100001
4.542 1 0.00100001
4.543 1 0.00100001
4.544 1 0.00100001
4.545 1 0.00100001
4.546 1 0.00100001
4.547 1 0.00100001
4.548 1 0.00100001
4.549 1 0.00100001
4.55 1 0.00100001
4.551 1 0.00100001
4.552 1 0.00100001
4.553 1 0.00100001
4.554 1 0.00100001
4.555 1 0.00100001
4.556 1 0.00100001
4.557 1 0.00100001
4.558 1 0.00100001
4.559 1 0.00100001
4.56 1 0.00100001
4.561 1 0.00100001
4.562 1 0.00100001
4.563 1 0.00100001
4.564 1 0.00100001
4.565 1 0.00100001
4.566 1 0.00100001
4.567 1 0.00100001
4.568 1 0.00100001
4.569 1 0.00100001
4.57 1 0.00100001
4.571 1 0.00100001
4.572 1 0.00100001
4.573 1 0.00100001
4.574 1 0.00100001
4.575 1 0.00100001
4.576 1 0.00100001
4.577 1 0.00100001
4.578 1 0.00100001
4.579 1 0.00100001
4.58 1 0.00100001
4.581 1 0.00100001
4.582 1 0.00100001
4.583 1 0.00100001
4.584 1 0.00100001
4.585 1 0.00100001
4.586 1 0.00100001
4.587 1 0.00100001
4.588 1 0.00100001
4.589 1 0.00100001
4.59 1 0.00100001
4.591 1 0.00100001
4.592 1 0.00100001
4.593 1 0.00100001
4.594 1 0.00100001
4.595 1 0.00100001
4.596 1 0.00100001
4.597 1 0.00100001
4.598 1 0.00100001
4.599 1 0.00100001
4.6 1 0.00100001
4.601 1 0.00100001
4.602 1 0.00100001
4.603 1 0.00100001
4.604 1 0.00100001
4.605 1 0.00100001
4.606 1 0.00100001
4.607 1 0.00100001
4.608 1 0.00100001
4.609 1 0.00100001
4.61 1 0.00100001
4.611 1 0.00100001
4.612 1 0.00100001
4.613 1 0.00100001
4.614 1 0.00100001
4.615 1 0.00100001
4.616 1 0.00100001
4.617 1 0.00100001
4.618 1 0.00100001
4.619 1 0.00100001
4.62 1 0.00100001
4.621 1 0.00100001
4.622 1 0.00100001
4.623 1 0.00100001
4.624 1 0.00100001
4.625 1 0.00100001
4.626 1 0.00100001
4.627 1 0.00100001
4.628 1 0.00100001
4.629 1 0.00100001
4.63 1 0.00100001
4.631 1 0.00100001
4.632 1 0.00100001
4.633 1 0.00100001
4.634 1 0.00100001
4.635 1 0.00100001
4.636 1 0.00100001
4.637 1 0.00100001
4.638 1 0.00100001
4.639 1 0.00100001
4.64 1 0.00100001
4.641 1 0.00100001
4.642 1 0.00100001
4.643 1 0.00100001
4.644 1 0.00100001
4.645 1 0.00100001
4.646 1 0.00100001
4.647 1 0.00100001
4.648 1 0.00100001
4.649 1 0.00100001
4.65 1 0.00100001
4.651 1 0.00100001
4.652 1 0.00100001
4.653 1 0.00100001
4.654 1 0.00100001
4.655 1 0.00100001
4.656 1 0.00100001
4.657 1 0.00100001
4.658 1 0.00100001
4.659 1 0.00100001
4.66 1 0.00100001
4.661 1 0.00100001
4.662 1 0.00100001
4.663 1 0.00100001
4.664 1 0.00100001
4.665 1 0.00100001
4.666 1 0.00100001
4.667 1 0.00100001
4.668 1 0.00100001
4.669 1 0.00100001
4.67 1 0.00100001
4.671 1 0.00100001
4.672 1 0.00100001
4.673 1 0.00100001
4.674 1 0.00100001
4.675 1 0.00100001
4.676 1 0.00100001
4.677 1 0.00100001
4.678 1 0.00100001
4.679 1 0.00100001
4.68 1 0.00100001
4.681 1 0.00100001
4.682 1 0.00100001
4.683 1 0.00100001
4.684 1 0.00100001
4.685 1 0.00100001
4.686 1 0.00100001
4.687 1 0.00100001
4.688 1 0.00100001
4.689 1 0.00100001
4.69 1 0.00100001
4.691 1 0.00100001
4.692 1 0.00100001
4.693 1 0.00100001
4.694 1 0.00100001
4.695 1 0.00100001
4.696 1 0.00100001
4.697 1 0.00100001
4.698 1 0.00100001
4.699 1 0.00100001
4.7 1 0.00100001
4.701 1 0.00100001
4.702 1 0.00100001
4.703 1 0.00100001
4.704 1 0.00100001
4.705 1 0.00100001
4.706 1 0.00100001
4.707 1 0.00100001
4.708 1 0.00100001
4.709 1 0.00100001
4.71 1 0.00100001
4.711 1 0.00100001
4.712 1 0.00100001
4.713 1 0.00100001
4.714 1 0.00100001
4.715 1 0.00100001
4.716 1 0.00100001
4.717 1 0.00100001
4.718 1 0.00100001
4.719 1 0.00100001
4.72 1 0.00100001
4.721 1 0.00100001
4.722 1 0.00100001
4.723 1 0.00100001
4.724 1 0.00100001
4.725 1 0.00100001
4.726 1 0.00100001
4.727 1 0.00100001
4.728 1 0.00100001
4.729 1 0.00100001
4.73 1 0.00100001
4.731 1 0.00100001
4.732 1 0.00100001
4.733 1 0.00100001
4.734 1 0.00100001
4.735 1 0.00100001
4.736 1 0.00100001
4.737 1 0.00100001
4.738 1 0.00100001
4.739 1 0.00100001
4.74 1 0.00100001
4.741 1 0.00100001
4.742 1 0.00100001
4.743 1 0.00100001
4.744 1 0.00100001
4.745 1 0.00100001
4.746 1 0.00100001
4.747 1 0.00100001
4.748 1 0.00100001
4.749 1 0.00100001
4.75 1 0.00100001
4.751 1 0.00100001
4.752 1 0.00100001
4.753 1 0.00100001
4.754 1 0.00100001
4.755 1 0.00100001
4.756 1 0.00100001
4.757 1 0.00100001
4.758 1 0.00100001
4.759 1 0.00100001
4.76 1 0.00100001
4.761 1 0.00100001
4.762 1 0.00100001
4.763 1 0.00100001
4.764 1 0.00100001
4.765 1 0.00100001
4.766 1 0.00100001
4.767 1 0.00100001
4.768 1 0.00100001
4.769 1 0.00100001
4.77 1 0.00100001
4.771 1 0.00100001
4.772 1 0.00100001
4.773 1 0.00100001
4.774 1 0.00100001
4.775 1 0.00100001
4.776 1 0.00100001
4.777 1 0.00100001
4.778 1 0.00100001
4.779 1 0.00100001
4.78 1 0.00100001
4.781 1 0.00100001
4.782 1 0.00100001
4.783 1 0.00100001
4.784 1 0.00100001
4.785 1 0.00100001
4.786 1 0.00100001
4.787 1 0.00100001
4.788 1 0.00100001
4.789 1 0.00100001
4.79 1 0.00100001
4.791 1 0.00100001
4.792 1 0.00100001
4.793 1 0.00100001
4.794 1 0.00100001
4.795 1 0.00100001
4.796 1 0.00100001
4.797 1 0.00100001
4.798 1 0.00100001
4.799 1 0.00100001
4.8 1 0.00100001
4.801 1 0.00100001
4.802 1 0.00100001
4.803 1 0.00100001
4.804 1 0.00100001
4.805 1 0.00100001
4.806 1 0.00100001
4.807 1 0.00100001
4.808 1 0.00100001
4.809 1 0.00100001
4.81 1 0.00100001
4.811 1 0.00100001
4.812 1 0.00100001
4.813 1 0.00100001
4.814 1 0.00100001
4.815 1 0.00100001
4.816 1 0.00100001
4.817 1 0.00100001
4.818 1 0.00100001
4.819 1 0.00100001
4.82 1 0.00100001
4.821 1 0.00100001
4.822 1 0.00100001
4.823 1 0.00100001
4.824 1 0.00100001
4.825 1 0.00100001
4.826 1 0.00100001
4.827 1 0.00100001
4.828 1 0.00100001
4.829 1 0.00100001
4.83 1 0.00100001
4.831 1 0.00100001
4.832 1 0.00100001
4.833 1 0.00100001
4.834 1 0.00100001
4.835 1 0.00100001
4.836 1 0.00100001
4.837 1 0.00100001
4.838 1 0.00100001
4.839 1 0.00100001
4.84 1 0.00100001
4.841 1 0.00100001
4.842 1 0.00100001
4.843 1 0.00100001
4.844 1 0.00100001
4.845 1 0.00100001
4.846 1 0.00100001
4.847 1 0.00100001
4.848 1 0.00100001
4.849 1 0.00100001
4.85 1 0.00100001
4.851 1 0.00100001
4.852 1 0.00100001
4.853 1 0.00100001
4.854 1 0.00100001
4.855 1 0.00100001
4.856 1 0.00100001
4.857 1 0.00100001
4.858 1 0.00100001
4.859 1 0.00100001
4.86 1 0.00100001
4.861 1 0.00100001
4.862 1 0.00100001
4.863 1 0.00100001
4.864 1 0.00100001
4.865 1 0.00100001
4.866 1 0.00100001
4.867 1 0.00100001
4.868 1 0.00100001
4.869 1 0.00100001
4.87 1 0.00100001
4.871 1 0.00100001
4.872 1 0.00100001
4.873 1 0.00100001
4.874 1 0.00100001
4.875 1 0.00100001
4.876 1 0.00100001
4.877 1 0.00100001
4.878 1 0.00100001
4.879 1 0.00100001
4.88 1 0.00100001
4.881 1 0.00100001
4.882 1 0.00100001
4.883 1 0.00100001
4.884 1 0.00100001
4.885 1 0.00100001
4.886 1 0.00100001
4.887 1 0.00100001
4.888 1 0.00100001
4.889 1 0.00100001
4.89 1 0.00100001
4.891 1 0.00100001
4.892 1 0.00100001
4.893 1 0.00100001
4.894 1 0.00100001
4.895 1 0.00100001
4.896 1 0.00100001
4.897 1 0.00100001
4.898 1 0.00100001
4.899 1 0.00100001
4.9 1 0.00100001
4.901 1 0.00100001
4.902 1 0.00100001
4.903 1 0.00100001
4.904 1 0.00100001
4.905 1 0.00100001
4.906 1 0.00100001
4.907 1 0.00100001
4.908 1 0.00100001
4.909 1 0.00100001
4.91 1 0.00100001
4.911 1 0.00100001
4.912 1 0.00100001
4.913 1 0.00100001
4.914 1 0.00100001
4.915 1 0.00100001
4.916 1 0.00100001
4.917 1 0.00100001
4.918 1 0.00100001
4.919 1 0.00100001
4.92 1 0.00100001
4.921 1 0.00100001
4.922 1 0.00100001
4.923 1 0.00100001
4.924 1 0.00100001
4.925 1 0.00100001
4.926 1 0.00100001
4.927 1 0.00100001
4.928 1 0.00100001
4.929 1 0.00100001
4.93 1 0.00100001
4.931 1 0.00100001
4.932 1 0.00100001
4.933 1 0.00100001
4.934 1 0.00100001
4.935 1 0.00100001
4.936 1 0.00100001
4.937 1 0.00100001
4.938 1 0.00100001
4.939 1 0.00100001
4.94 1 0.00100001
4.941 1 0.00100001
4.942 1 0.00100001
4.943 1 0.00100001
4.944 1 0.00100001
4.945 1 0.00100001
4.946 1 0.00100001
4.947 1 0.00100001
4.948 1 0.00100001
4.949 1 0.00100001
4.95 1 0.00100001
4.951 1 0.00100001
4.952 1 0.00100001
4.953 1 0.00100001
4.954 1 0.00100001
4.955 1 0.00100001
4.956 1 0.00100001
4.957 1 0.00100001
4.958 1 0.00100001
4.959 1 0.00100001
4.96 1 0.00100001
4.961 1 0.00100001
4.962 1 0.00100001
4.963 1 0.00100001
4.964 1 0.00100001
4.965 1 0.00100001
4.966 1 0.00100001
4.967 1 0.00100001
4.968 1 0.00100001
4.969 1 0.00100001
4.97 1 0.00100001
4.971 1 0.00100001
4.972 1 0.00100001
4.973 1 0.00100001
4.974 1 0.00100001
4.975 1 0.00100001
4.976 1 0.00100001
4.977 1 0.00100001
4.978 1 0.00100001
4.979 1 0.00100001
4.98 1 0.00100001
4.981 1 0.00100001
4.982 1 0.00100001
4.983 1 0.00100001
4.984 1 0.00100001
4.985 1 0.00100001
4.986 1 0.00100001
4.987 1 0.00100001
4.988 1 0.00100001
4.989 1 0.00100001
4.99 1 0.00100001
4.991 1 0.00100001
4.992 1 0.00100001
4.993 1 0.00100001
4.994 1 0.00100001
4.995 1 0.00100001
4.996 1 0.00100001
4.997 1 0.00100001
4.998 1 0.00100001
4.999 1 0.00100001
5 1 0.00100002
