0 1 0
0.2 1 0.1
0.3 0.976046 0.2
0.4 0.928065 0.297605
0.5 0.85622 0.390411
0.6 0.760502 0.476033
0.7 0.64042 0.552083
0.8 0.495097 0.616125
0.9 0.324033 0.665635
1 0.128697 0.698038
1.1 -0.0854394 0.710908
1.2 -0.30785 0.702364
1.3 -0.524712 0.671579
1.4 -0.723299 0.619108
1.5 -0.8957 0.546778
1.6 -1.03911 0.457208
1.7 -1.15354 0.353297
1.8 -1.2395 0.237943
1.9 -1.29667 0.113993
2 -1.32398 -0.0156744
2.1 -1.32023 -0.148073
2.2 -1.28474 -0.280096
2.3 -1.21724 -0.40857
2.4 -1.1166 -0.530294
2.5 -0.978987 -0.641954
2.6 -0.795843 -0.739853
2.7 -0.552799 -0.819437
2.8 -0.232583 -0.874717
2.9 0.170124 -0.897975
3 0.619109 -0.880963
3.1 1.03342 -0.819052
3.2 1.35316 -0.71571
3.3 1.5788 -0.580394
3.4 1.73486 -0.422514
3.5 1.83936 -0.249028
3.6 1.89923 -0.0650923
3.7 1.91483 0.124831
3.8 1.88492 0.316314
3.9 1.80839 0.504806
4 1.67928 0.685645
4.1 1.47265 0.853572
4.2 1.10539 1.00084
4.3 0.279918 1.11138
4.4 -2.17385 1.13937
4.5 -5.93768 0.921984
4.6 -6.44474 0.328215
4.7 -6.52427 -0.316259
4.8 -6.44776 -0.968686
4.9 -5.78374 -1.61346
5 -5.25947 -2.19184
5.1 57.2704 -2.71778
5.2 60.474 3.00925
5.3 59.6453 9.05665
5.4 57.202 15.0212
5.5 52.1966 20.7414
5.6 47.038 25.961
5.7 -533.144 30.6648
5.8 -557.995 -22.6496
5.9 -543.051 -78.4491
6 -523.964 -132.754
6.1 -471.443 -185.151
6.2 -421.869 -232.295
6.3 -280.439 -274.482
6.4 5421.1 -302.526
6.5 5586.91 239.585
6.6 5471.19 798.275
6.7 5229.21 1345.39
6.8 4563.46 1868.31
6.9 2883.05 2324.66
7 2121 2612.97
7.1 -2318.27 2825.07
7.2 -6684.36 2593.24
7.3 -21396 1924.8
7.4 -21859.5 -214.799
7.5 -21488.7 -2400.75
7.6 1.42596e+06 -4549.62
7.7 1.42826e+06 138046
7.8 980236 280872
7.9 -1.31185e+06 378896
8 -1.50804e+06 247710
8.1 -1.58123e+06 96906.6
8.2 -1.71623e+06 -61216.9
8.3 -1.69922e+06 -232840
8.4 -1.61535e+06 -402762
8.5 -1.26208e+06 -564298
8.6 1.4322e+06 -690506
8.7 1.62416e+06 -547285
8.8 1.78653e+06 -384870
8.9 1.87877e+06 -206217
9 6.97102e+07 -18339.9
9.1 6.97171e+07 6.95268e+06
9.2 6.62994e+07 1.39244e+07
9.3 6.22535e+07 2.05543e+07
9.4 -2.31277e+10 2.67797e+07
9.5 -2.31359e+10 -2.28599e+09
9.6 -2.25824e+10 -4.59957e+09
9.7 -2.09777e+10 -6.85781e+09
9.8 -1.86691e+10 -8.95559e+09
9.9 -1.39451e+10 -1.08225e+10
10 -7.81036e+09 -1.2217e+10
10.1 1.81226e+09 -1.2998e+10
