0 -2.57856
0.01 -2.55856
0.02 -2.53847
0.03 -2.51827
0.04 -2.49797
0.05 -2.47758
0.06 -2.45708
0.07 -2.43649
0.08 -2.41579
0.09 -2.395
0.1 -2.37411
0.11 -2.35312
0.12 -2.33203
0.13 -2.31084
0.14 -2.28954
0.15 -2.26815
0.16 -2.24666
0.17 -2.22507
0.18 -2.20338
0.19 -2.18159
0.2 -2.15969
0.21 -2.1377
0.22 -2.1156
0.23 -2.09339
0.24 -2.07109
0.25 -2.04868
0.26 -2.02617
0.27 -2.00355
0.28 -1.98083
0.29 -1.958
0.3 -1.93507
0.31 -1.91203
0.32 -1.88887
0.33 -1.86561
0.34 -1.84225
0.35 -1.81876
0.36 -1.79517
0.37 -1.77147
0.38 -1.74764
0.39 -1.72371
0.4 -1.69966
0.41 -1.67548
0.42 -1.65119
0.43 -1.62678
0.44 -1.60225
0.45 -1.57759
0.46 -1.5528
0.47 -1.52789
0.48 -1.50284
0.49 -1.47767
0.5 -1.45236
0.51 -1.42691
0.52 -1.40132
0.53 -1.3756
0.54 -1.34973
0.55 -1.32371
0.56 -1.29754
0.57 -1.27122
0.58 -1.24474
0.59 -1.21811
0.6 -1.19131
0.61 -1.16435
0.62 -1.13721
0.63 -1.10991
0.64 -1.08242
0.65 -1.05476
0.66 -1.0269
0.67 -0.998862
0.68 -0.970625
0.69 -0.942188
0.7 -0.913545
0.71 -0.884692
0.72 -0.855623
0.73 -0.826333
0.74 -0.796814
0.75 -0.767062
0.76 -0.73707
0.77 -0.706831
0.78 -0.676338
0.79 -0.645584
0.8 -0.614562
0.81 -0.583264
0.82 -0.551682
0.83 -0.519807
0.84 -0.487632
0.85 -0.455147
0.86 -0.422343
0.87 -0.389211
0.88 -0.355741
0.89 -0.321922
0.9 -0.287743
0.91 -0.253195
0.92 -0.218266
0.93 -0.182944
0.94 -0.147217
0.95 -0.111072
0.96 -0.0744962
0.97 -0.0374769
0.98 0
0.99 0
