0 -4.50907
0.004 -4.50107
0.008 -4.49305
0.012 -4.48502
0.016 -4.47697
0.02 -4.46891
0.024 -4.46083
0.028 -4.45273
0.032 -4.44462
0.036 -4.43649
0.04 -4.42835
0.044 -4.42019
0.048 -4.41201
0.052 -4.40382
0.056 -4.39562
0.06 -4.38739
0.064 -4.37915
0.068 -4.3709
0.072 -4.36263
0.076 -4.35434
0.08 -4.34604
0.084 -4.33772
0.088 -4.32938
0.092 -4.32103
0.096 -4.31267
0.1 -4.30428
0.104 -4.29588
0.108 -4.28747
0.112 -4.27904
0.116 -4.27059
0.12 -4.26213
0.124 -4.25365
0.128 -4.24515
0.132 -4.23664
0.136 -4.22811
0.14 -4.21957
0.144 -4.21101
0.148 -4.20243
0.152 -4.19384
0.156 -4.18523
0.16 -4.17661
0.164 -4.16797
0.168 -4.15931
0.172 -4.15064
0.176 -4.14195
0.18 -4.13324
0.184 -4.12452
0.188 -4.11578
0.192 -4.10702
0.196 -4.09825
0.2 -4.08947
0.204 -4.08066
0.208 -4.07184
0.212 -4.063
0.216 -4.05415
0.22 -4.04528
0.224 -4.03639
0.228 -4.02749
0.232 -4.01857
0.236 -4.00963
0.24 -4.00068
0.244 -3.99171
0.248 -3.98272
0.252 -3.97372
0.256 -3.9647
0.26 -3.95566
0.264 -3.94661
0.268 -3.93754
0.272 -3.92845
0.276 -3.91934
0.28 -3.91022
0.284 -3.90108
0.288 -3.89193
0.292 -3.88275
0.296 -3.87356
0.3 -3.86435
0.304 -3.85513
0.308 -3.84588
0.312 -3.83662
0.316 -3.82735
0.32 -3.81805
0.324 -3.80874
0.328 -3.79941
0.332 -3.79006
0.336 -3.78069
0.34 -3.77131
0.344 -3.7619
0.348 -3.75248
0.352 -3.74304
0.356 -3.73359
0.36 -3.72411
0.364 -3.71462
0.368 -3.70511
0.372 -3.69558
0.376 -3.68603
0.38 -3.67646
0.384 -3.66688
0.388 -3.65727
0.392 -3.64765
0.396 -3.638
0.4 -3.62834
0.404 -3.61866
0.408 -3.60896
0.412 -3.59924
0.416 -3.58951
0.42 -3.57975
0.424 -3.56997
0.428 -3.56017
0.432 -3.55035
0.436 -3.54052
0.44 -3.53066
0.444 -3.52078
0.448 -3.51089
0.452 -3.50097
0.456 -3.49103
0.46 -3.48107
0.464 -3.47109
0.468 -3.46109
0.472 -3.45107
0.476 -3.44102
0.48 -3.43096
0.484 -3.42087
0.488 -3.41077
0.492 -3.40064
0.496 -3.39049
0.5 -3.38032
0.504 -3.37012
0.508 -3.3599
0.512 -3.34967
0.516 -3.3394
0.52 -3.32912
0.524 -3.31881
0.528 -3.30848
0.532 -3.29813
0.536 -3.28775
0.54 -3.27735
0.544 -3.26692
0.548 -3.25648
0.552 -3.246
0.556 -3.23551
0.56 -3.22498
0.564 -3.21444
0.568 -3.20387
0.572 -3.19327
0.576 -3.18265
0.58 -3.172
0.584 -3.16133
0.588 -3.15063
0.592 -3.13991
0.596 -3.12915
0.6 -3.11838
0.604 -3.10757
0.608 -3.09674
0.612 -3.08588
0.616 -3.07499
0.62 -3.06408
0.624 -3.05314
0.628 -3.04216
0.632 -3.03117
0.636 -3.02014
0.64 -3.00908
0.644 -2.99799
0.648 -2.98688
0.652 -2.97573
0.656 -2.96455
0.66 -2.95334
0.664 -2.94211
0.668 -2.93084
0.672 -2.91954
0.676 -2.9082
0.68 -2.89684
0.684 -2.88544
0.688 -2.87401
0.692 -2.86255
0.696 -2.85105
0.7 -2.83952
0.704 -2.82796
0.708 -2.81636
0.712 -2.80473
0.716 -2.79306
0.72 -2.78136
0.724 -2.76962
0.728 -2.75784
0.732 -2.74603
0.736 -2.73418
0.74 -2.72229
0.744 -2.71037
0.748 -2.6984
0.752 -2.6864
0.756 -2.67436
0.76 -2.66228
0.764 -2.65016
0.768 -2.638
0.772 -2.6258
0.776 -2.61356
0.78 -2.60127
0.784 -2.58895
0.788 -2.57658
0.792 -2.56417
0.796 -2.55171
0.8 -2.53921
0.804 -2.52667
0.808 -2.51408
0.812 -2.50144
0.816 -2.48876
0.82 -2.47603
0.824 -2.46326
0.828 -2.45043
0.832 -2.43756
0.836 -2.42464
0.84 -2.41167
0.844 -2.39865
0.848 -2.38558
0.852 -2.37246
0.856 -2.35928
0.86 -2.34606
0.864 -2.33278
0.868 -2.31944
0.872 -2.30606
0.876 -2.29261
0.88 -2.27912
0.884 -2.26556
0.888 -2.25195
0.892 -2.23828
0.896 -2.22455
0.9 -2.21077
0.904 -2.19692
0.908 -2.18302
0.912 -2.16905
0.916 -2.15502
0.92 -2.14093
0.924 -2.12677
0.928 -2.11255
0.932 -2.09826
0.936 -2.08391
0.94 -2.0695
0.944 -2.05501
0.948 -2.04046
0.952 -2.02583
0.956 -2.01114
0.96 -1.99638
0.964 -1.98154
0.968 -1.96664
0.972 -1.95166
0.976 -1.9366
0.98 -1.92147
0.984 -1.90626
0.988 -1.89098
0.992 -1.87562
0.996 -1.86018
