0 -4.38236
0 -4.38103
0.001 -4.37969
0.002 -4.37836
0.003 -4.37702
0.004 -4.37568
0.005 -4.37434
0.006 -4.37299
0.007 -4.37165
0.008 -4.37031
0.009 -4.36896
0.01 -4.36761
0.011 -4.36626
0.012 -4.36491
0.013 -4.36356
0.014 -4.36221
0.015 -4.36085
0.016 -4.3595
0.017 -4.35814
0.018 -4.35678
0.019 -4.35542
0.02 -4.35406
0.021 -4.3527
0.022 -4.35134
0.023 -4.34997
0.024 -4.34861
0.025 -4.34724
0.026 -4.34587
0.027 -4.3445
0.028 -4.34313
0.029 -4.34175
0.03 -4.34038
0.031 -4.339
0.032 -4.33763
0.033 -4.33625
0.034 -4.33487
0.035 -4.33349
0.036 -4.33211
0.037 -4.33072
0.038 -4.32934
0.039 -4.32795
0.04 -4.32657
0.041 -4.32518
0.042 -4.32379
0.043 -4.3224
0.044 -4.321
0.045 -4.31961
0.046 -4.31821
0.047 -4.31682
0.048 -4.31542
0.049 -4.31402
0.05 -4.31262
0.051 -4.31122
0.052 -4.30981
0.053 -4.30841
0.054 -4.307
0.055 -4.3056
0.056 -4.30419
0.057 -4.30278
0.058 -4.30137
0.059 -4.29995
0.06 -4.29854
0.061 -4.29713
0.062 -4.29571
0.063 -4.29429
0.064 -4.29287
0.065 -4.29145
0.066 -4.29003
0.067 -4.28861
0.068 -4.28718
0.069 -4.28576
0.07 -4.28433
0.071 -4.2829
0.072 -4.28147
0.073 -4.28004
0.074 -4.27861
0.075 -4.27718
0.076 -4.27574
0.077 -4.27431
0.078 -4.27287
0.079 -4.27143
0.08 -4.26999
0.081 -4.26855
0.082 -4.26711
0.083 -4.26566
0.084 -4.26422
0.085 -4.26277
0.086 -4.26132
0.087 -4.25987
0.088 -4.25842
0.089 -4.25697
0.09 -4.25552
0.091 -4.25406
0.092 -4.25261
0.093 -4.25115
0.094 -4.24969
0.095 -4.24823
0.096 -4.24677
0.097 -4.24531
0.098 -4.24384
0.099 -4.24238
0.1 -4.24091
0.101 -4.23945
0.102 -4.23798
0.103 -4.23651
0.104 -4.23503
0.105 -4.23356
0.106 -4.23209
0.107 -4.23061
0.108 -4.22914
0.109 -4.22766
0.11 -4.22618
0.111 -4.2247
0.112 -4.22322
0.113 -4.22173
0.114 -4.22025
0.115 -4.21876
0.116 -4.21727
0.117 -4.21579
0.118 -4.2143
0.119 -4.2128
0.12 -4.21131
0.121 -4.20982
0.122 -4.20832
0.123 -4.20683
0.124 -4.20533
0.125 -4.20383
0.126 -4.20233
0.127 -4.20083
0.128 -4.19933
0.129 -4.19782
0.13 -4.19632
0.131 -4.19481
0.132 -4.1933
0.133 -4.19179
0.134 -4.19028
0.135 -4.18877
0.136 -4.18725
0.137 -4.18574
0.138 -4.18422
0.139 -4.18271
0.14 -4.18119
0.141 -4.17967
0.142 -4.17815
0.143 -4.17662
0.144 -4.1751
0.145 -4.17357
0.146 -4.17205
0.147 -4.17052
0.148 -4.16899
0.149 -4.16746
0.15 -4.16593
0.151 -4.16439
0.152 -4.16286
0.153 -4.16132
0.154 -4.15979
0.155 -4.15825
0.156 -4.15671
0.157 -4.15517
0.158 -4.15363
0.159 -4.15208
0.16 -4.15054
0.161 -4.14899
0.162 -4.14744
0.163 -4.14589
0.164 -4.14434
0.165 -4.14279
0.166 -4.14124
0.167 -4.13969
0.168 -4.13813
0.169 -4.13657
0.17 -4.13502
0.171 -4.13346
0.172 -4.1319
0.173 -4.13033
0.174 -4.12877
0.175 -4.12721
0.176 -4.12564
0.177 -4.12407
0.178 -4.1225
0.179 -4.12093
0.18 -4.11936
0.181 -4.11779
0.182 -4.11622
0.183 -4.11464
0.184 -4.11306
0.185 -4.11149
0.186 -4.10991
0.187 -4.10833
0.188 -4.10674
0.189 -4.10516
0.19 -4.10358
0.191 -4.10199
0.192 -4.1004
0.193 -4.09882
0.194 -4.09723
0.195 -4.09564
0.196 -4.09404
0.197 -4.09245
0.198 -4.09085
0.199 -4.08926
0.2 -4.08766
0.201 -4.08606
0.202 -4.08446
0.203 -4.08286
0.204 -4.08126
0.205 -4.07965
0.206 -4.07805
0.207 -4.07644
0.208 -4.07483
0.209 -4.07322
0.21 -4.07161
0.211 -4.07
0.212 -4.06839
0.213 -4.06677
0.214 -4.06515
0.215 -4.06354
0.216 -4.06192
0.217 -4.0603
0.218 -4.05868
0.219 -4.05705
0.22 -4.05543
0.221 -4.0538
0.222 -4.05218
0.223 -4.05055
0.224 -4.04892
0.225 -4.04729
0.226 -4.04566
0.227 -4.04402
0.228 -4.04239
0.229 -4.04075
0.23 -4.03912
0.231 -4.03748
0.232 -4.03584
0.233 -4.0342
0.234 -4.03255
0.235 -4.03091
0.236 -4.02926
0.237 -4.02762
0.238 -4.02597
0.239 -4.02432
0.24 -4.02267
0.241 -4.02102
0.242 -4.01936
0.243 -4.01771
0.244 -4.01605
0.245 -4.01439
0.246 -4.01274
0.247 -4.01108
0.248 -4.00941
0.249 -4.00775
0.25 -4.00609
0.251 -4.00442
0.252 -4.00276
0.253 -4.00109
0.254 -3.99942
0.255 -3.99775
0.256 -3.99607
0.257 -3.9944
0.258 -3.99273
0.259 -3.99105
0.26 -3.98937
0.261 -3.98769
0.262 -3.98601
0.263 -3.98433
0.264 -3.98265
0.265 -3.98097
0.266 -3.97928
0.267 -3.97759
0.268 -3.97591
0.269 -3.97422
0.27 -3.97252
0.271 -3.97083
0.272 -3.96914
0.273 -3.96744
0.274 -3.96575
0.275 -3.96405
0.276 -3.96235
0.277 -3.96065
0.278 -3.95895
0.279 -3.95725
0.28 -3.95554
0.281 -3.95384
0.282 -3.95213
0.283 -3.95042
0.284 -3.94871
0.285 -3.947
0.286 -3.94529
0.287 -3.94357
0.288 -3.94186
0.289 -3.94014
0.29 -3.93842
0.291 -3.93671
0.292 -3.93498
0.293 -3.93326
0.294 -3.93154
0.295 -3.92981
0.296 -3.92809
0.297 -3.92636
0.298 -3.92463
0.299 -3.9229
0.3 -3.92117
0.301 -3.91944
0.302 -3.9177
0.303 -3.91597
0.304 -3.91423
0.305 -3.91249
0.306 -3.91075
0.307 -3.90901
0.308 -3.90727
0.309 -3.90553
0.31 -3.90378
0.311 -3.90204
0.312 -3.90029
0.313 -3.89854
0.314 -3.89679
0.315 -3.89504
0.316 -3.89328
0.317 -3.89153
0.318 -3.88977
0.319 -3.88802
0.32 -3.88626
0.321 -3.8845
0.322 -3.88274
0.323 -3.88097
0.324 -3.87921
0.325 -3.87744
0.326 -3.87568
0.327 -3.87391
0.328 -3.87214
0.329 -3.87037
0.33 -3.8686
0.331 -3.86682
0.332 -3.86505
0.333 -3.86327
0.334 -3.86149
0.335 -3.85971
0.336 -3.85793
0.337 -3.85615
0.338 -3.85437
0.339 -3.85258
0.34 -3.8508
0.341 -3.84901
0.342 -3.84722
0.343 -3.84543
0.344 -3.84364
0.345 -3.84184
0.346 -3.84005
0.347 -3.83825
0.348 -3.83646
0.349 -3.83466
0.35 -3.83286
0.351 -3.83106
0.352 -3.82926
0.353 -3.82745
0.354 -3.82565
0.355 -3.82384
0.356 -3.82203
0.357 -3.82022
0.358 -3.81841
0.359 -3.8166
0.36 -3.81478
0.361 -3.81297
0.362 -3.81115
0.363 -3.80933
0.364 -3.80751
0.365 -3.80569
0.366 -3.80387
0.367 -3.80205
0.368 -3.80022
0.369 -3.7984
0.37 -3.79657
0.371 -3.79474
0.372 -3.79291
0.373 -3.79108
0.374 -3.78924
0.375 -3.78741
0.376 -3.78557
0.377 -3.78374
0.378 -3.7819
0.379 -3.78006
0.38 -3.77822
0.381 -3.77637
0.382 -3.77453
0.383 -3.77268
0.384 -3.77083
0.385 -3.76899
0.386 -3.76714
0.387 -3.76528
0.388 -3.76343
0.389 -3.76158
0.39 -3.75972
0.391 -3.75786
0.392 -3.75601
0.393 -3.75415
0.394 -3.75228
0.395 -3.75042
0.396 -3.74856
0.397 -3.74669
0.398 -3.74482
0.399 -3.74296
0.4 -3.74109
0.401 -3.73921
0.402 -3.73734
0.403 -3.73547
0.404 -3.73359
0.405 -3.73172
0.406 -3.72984
0.407 -3.72796
0.408 -3.72608
0.409 -3.72419
0.41 -3.72231
0.411 -3.72042
0.412 -3.71854
0.413 -3.71665
0.414 -3.71476
0.415 -3.71287
0.416 -3.71098
0.417 -3.70908
0.418 -3.70719
0.419 -3.70529
0.42 -3.70339
0.421 -3.70149
0.422 -3.69959
0.423 -3.69769
0.424 -3.69578
0.425 -3.69388
0.426 -3.69197
0.427 -3.69006
0.428 -3.68815
0.429 -3.68624
0.43 -3.68433
0.431 -3.68242
0.432 -3.6805
0.433 -3.67858
0.434 -3.67666
0.435 -3.67474
0.436 -3.67282
0.437 -3.6709
0.438 -3.66898
0.439 -3.66705
0.44 -3.66512
0.441 -3.6632
0.442 -3.66127
0.443 -3.65933
0.444 -3.6574
0.445 -3.65547
0.446 -3.65353
0.447 -3.65159
0.448 -3.64966
0.449 -3.64772
0.45 -3.64577
0.451 -3.64383
0.452 -3.64189
0.453 -3.63994
0.454 -3.63799
0.455 -3.63605
0.456 -3.6341
0.457 -3.63214
0.458 -3.63019
0.459 -3.62824
0.46 -3.62628
0.461 -3.62432
0.462 -3.62236
0.463 -3.6204
0.464 -3.61844
0.465 -3.61648
0.466 -3.61451
0.467 -3.61255
0.468 -3.61058
0.469 -3.60861
0.47 -3.60664
0.471 -3.60467
0.472 -3.6027
0.473 -3.60072
0.474 -3.59874
0.475 -3.59677
0.476 -3.59479
0.477 -3.59281
0.478 -3.59082
0.479 -3.58884
0.48 -3.58685
0.481 -3.58487
0.482 -3.58288
0.483 -3.58089
0.484 -3.5789
0.485 -3.57691
0.486 -3.57491
0.487 -3.57292
0.488 -3.57092
0.489 -3.56892
0.49 -3.56692
0.491 -3.56492
0.492 -3.56292
0.493 -3.56091
0.494 -3.55891
0.495 -3.5569
0.496 -3.55489
0.497 -3.55288
0.498 -3.55087
0.499 -3.54885
0.5 -3.54684
0.501 -3.54482
0.502 -3.54281
0.503 -3.54079
0.504 -3.53877
0.505 -3.53674
0.506 -3.53472
0.507 -3.53269
0.508 -3.53067
0.509 -3.52864
0.51 -3.52661
0.511 -3.52458
0.512 -3.52255
0.513 -3.52051
0.514 -3.51848
0.515 -3.51644
0.516 -3.5144
0.517 -3.51236
0.518 -3.51032
0.519 -3.50827
0.52 -3.50623
0.521 -3.50418
0.522 -3.50213
0.523 -3.50009
0.524 -3.49803
0.525 -3.49598
0.526 -3.49393
0.527 -3.49187
0.528 -3.48982
0.529 -3.48776
0.53 -3.4857
0.531 -3.48364
0.532 -3.48157
0.533 -3.47951
0.534 -3.47744
0.535 -3.47538
0.536 -3.47331
0.537 -3.47124
0.538 -3.46917
0.539 -3.46709
0.54 -3.46502
0.541 -3.46294
0.542 -3.46086
0.543 -3.45878
0.544 -3.4567
0.545 -3.45462
0.546 -3.45253
0.547 -3.45045
0.548 -3.44836
0.549 -3.44627
0.55 -3.44418
0.551 -3.44209
0.552 -3.44
0.553 -3.4379
0.554 -3.43581
0.555 -3.43371
0.556 -3.43161
0.557 -3.42951
0.558 -3.42741
0.559 -3.4253
0.56 -3.4232
0.561 -3.42109
0.562 -3.41898
0.563 -3.41687
0.564 -3.41476
0.565 -3.41264
0.566 -3.41053
0.567 -3.40841
0.568 -3.4063
0.569 -3.40418
0.57 -3.40205
0.571 -3.39993
0.572 -3.39781
0.573 -3.39568
0.574 -3.39355
0.575 -3.39143
0.576 -3.3893
0.577 -3.38716
0.578 -3.38503
0.579 -3.3829
0.58 -3.38076
0.581 -3.37862
0.582 -3.37648
0.583 -3.37434
0.584 -3.3722
0.585 -3.37005
0.586 -3.36791
0.587 -3.36576
0.588 -3.36361
0.589 -3.36146
0.59 -3.35931
0.591 -3.35715
0.592 -3.355
0.593 -3.35284
0.594 -3.35068
0.595 -3.34852
0.596 -3.34636
0.597 -3.3442
0.598 -3.34203
0.599 -3.33987
0.6 -3.3377
0.601 -3.33553
0.602 -3.33336
0.603 -3.33119
0.604 -3.32901
0.605 -3.32684
0.606 -3.32466
0.607 -3.32248
0.608 -3.3203
0.609 -3.31812
0.61 -3.31593
0.611 -3.31375
0.612 -3.31156
0.613 -3.30937
0.614 -3.30718
0.615 -3.30499
0.616 -3.3028
0.617 -3.3006
0.618 -3.29841
0.619 -3.29621
0.62 -3.29401
0.621 -3.29181
0.622 -3.2896
0.623 -3.2874
0.624 -3.28519
0.625 -3.28299
0.626 -3.28078
0.627 -3.27857
0.628 -3.27635
0.629 -3.27414
0.63 -3.27192
0.631 -3.26971
0.632 -3.26749
0.633 -3.26527
0.634 -3.26304
0.635 -3.26082
0.636 -3.2586
0.637 -3.25637
0.638 -3.25414
0.639 -3.25191
0.64 -3.24968
0.641 -3.24745
0.642 -3.24521
0.643 -3.24297
0.644 -3.24074
0.645 -3.2385
0.646 -3.23625
0.647 -3.23401
0.648 -3.23177
0.649 -3.22952
0.65 -3.22727
0.651 -3.22502
0.652 -3.22277
0.653 -3.22052
0.654 -3.21826
0.655 -3.21601
0.656 -3.21375
0.657 -3.21149
0.658 -3.20923
0.659 -3.20697
0.66 -3.2047
0.661 -3.20244
0.662 -3.20017
0.663 -3.1979
0.664 -3.19563
0.665 -3.19336
0.666 -3.19108
0.667 -3.18881
0.668 -3.18653
0.669 -3.18425
0.67 -3.18197
0.671 -3.17969
0.672 -3.1774
0.673 -3.17512
0.674 -3.17283
0.675 -3.17054
0.676 -3.16825
0.677 -3.16596
0.678 -3.16366
0.679 -3.16137
0.68 -3.15907
0.681 -3.15677
0.682 -3.15447
0.683 -3.15217
0.684 -3.14987
0.685 -3.14756
0.686 -3.14525
0.687 -3.14295
0.688 -3.14063
0.689 -3.13832
0.69 -3.13601
0.691 -3.13369
0.692 -3.13138
0.693 -3.12906
0.694 -3.12674
0.695 -3.12441
0.696 -3.12209
0.697 -3.11976
0.698 -3.11744
0.699 -3.11511
0.7 -3.11278
0.701 -3.11045
0.702 -3.10811
0.703 -3.10578
0.704 -3.10344
0.705 -3.1011
0.706 -3.09876
0.707 -3.09642
0.708 -3.09407
0.709 -3.09173
0.71 -3.08938
0.711 -3.08703
0.712 -3.08468
0.713 -3.08233
0.714 -3.07997
0.715 -3.07762
0.716 -3.07526
0.717 -3.0729
0.718 -3.07054
0.719 -3.06818
0.72 -3.06581
0.721 -3.06345
0.722 -3.06108
0.723 -3.05871
0.724 -3.05634
0.725 -3.05397
0.726 -3.05159
0.727 -3.04921
0.728 -3.04684
0.729 -3.04446
0.73 -3.04208
0.731 -3.03969
0.732 -3.03731
0.733 -3.03492
0.734 -3.03253
0.735 -3.03014
0.736 -3.02775
0.737 -3.02536
0.738 -3.02296
0.739 -3.02056
0.74 -3.01817
0.741 -3.01577
0.742 -3.01336
0.743 -3.01096
0.744 -3.00855
0.745 -3.00615
0.746 -3.00374
0.747 -3.00133
0.748 -2.99891
0.749 -2.9965
0.75 -2.99408
0.751 -2.99167
0.752 -2.98925
0.753 -2.98683
0.754 -2.9844
0.755 -2.98198
0.756 -2.97955
0.757 -2.97712
0.758 -2.97469
0.759 -2.97226
0.76 -2.96983
0.761 -2.96739
0.762 -2.96496
0.763 -2.96252
0.764 -2.96008
0.765 -2.95764
0.766 -2.95519
0.767 -2.95275
0.768 -2.9503
0.769 -2.94785
0.77 -2.9454
0.771 -2.94295
0.772 -2.94049
0.773 -2.93804
0.774 -2.93558
0.775 -2.93312
0.776 -2.93066
0.777 -2.92819
0.778 -2.92573
0.779 -2.92326
0.78 -2.92079
0.781 -2.91832
0.782 -2.91585
0.783 -2.91338
0.784 -2.9109
0.785 -2.90842
0.786 -2.90594
0.787 -2.90346
0.788 -2.90098
0.789 -2.8985
0.79 -2.89601
0.791 -2.89352
0.792 -2.89103
0.793 -2.88854
0.794 -2.88605
0.795 -2.88355
0.796 -2.88105
0.797 -2.87856
0.798 -2.87605
0.799 -2.87355
0.8 -2.87105
0.801 -2.86854
0.802 -2.86603
0.803 -2.86352
0.804 -2.86101
0.805 -2.8585
0.806 -2.85598
0.807 -2.85347
0.808 -2.85095
0.809 -2.84843
0.81 -2.84591
0.811 -2.84338
0.812 -2.84086
0.813 -2.83833
0.814 -2.8358
0.815 -2.83327
0.816 -2.83073
0.817 -2.8282
0.818 -2.82566
0.819 -2.82312
0.82 -2.82058
0.821 -2.81804
0.822 -2.8155
0.823 -2.81295
0.824 -2.8104
0.825 -2.80785
0.826 -2.8053
0.827 -2.80275
0.828 -2.80019
0.829 -2.79764
0.83 -2.79508
0.831 -2.79252
0.832 -2.78996
0.833 -2.78739
0.834 -2.78482
0.835 -2.78226
0.836 -2.77969
0.837 -2.77712
0.838 -2.77454
0.839 -2.77197
0.84 -2.76939
0.841 -2.76681
0.842 -2.76423
0.843 -2.76165
0.844 -2.75906
0.845 -2.75648
0.846 -2.75389
0.847 -2.7513
0.848 -2.74871
0.849 -2.74611
0.85 -2.74352
0.851 -2.74092
0.852 -2.73832
0.853 -2.73572
0.854 -2.73311
0.855 -2.73051
0.856 -2.7279
0.857 -2.72529
0.858 -2.72268
0.859 -2.72007
0.86 -2.71746
0.861 -2.71484
0.862 -2.71222
0.863 -2.7096
0.864 -2.70698
0.865 -2.70435
0.866 -2.70173
0.867 -2.6991
0.868 -2.69647
0.869 -2.69384
0.87 -2.69121
0.871 -2.68857
0.872 -2.68593
0.873 -2.6833
0.874 -2.68066
0.875 -2.67801
0.876 -2.67537
0.877 -2.67272
0.878 -2.67007
0.879 -2.66742
0.88 -2.66477
0.881 -2.66212
0.882 -2.65946
0.883 -2.6568
0.884 -2.65414
0.885 -2.65148
0.886 -2.64882
0.887 -2.64615
0.888 -2.64348
0.889 -2.64081
0.89 -2.63814
0.891 -2.63547
0.892 -2.63279
0.893 -2.63012
0.894 -2.62744
0.895 -2.62476
0.896 -2.62207
0.897 -2.61939
0.898 -2.6167
0.899 -2.61401
0.9 -2.61132
0.901 -2.60863
0.902 -2.60594
0.903 -2.60324
0.904 -2.60054
0.905 -2.59784
0.906 -2.59514
0.907 -2.59243
0.908 -2.58973
0.909 -2.58702
0.91 -2.58431
0.911 -2.5816
0.912 -2.57888
0.913 -2.57617
0.914 -2.57345
0.915 -2.57073
0.916 -2.56801
0.917 -2.56528
0.918 -2.56256
0.919 -2.55983
0.92 -2.5571
0.921 -2.55437
0.922 -2.55164
0.923 -2.5489
0.924 -2.54616
0.925 -2.54342
0.926 -2.54068
0.927 -2.53794
0.928 -2.53519
0.929 -2.53245
0.93 -2.5297
0.931 -2.52695
0.932 -2.52419
0.933 -2.52144
0.934 -2.51868
0.935 -2.51592
0.936 -2.51316
0.937 -2.5104
0.938 -2.50763
0.939 -2.50486
0.94 -2.5021
0.941 -2.49932
0.942 -2.49655
0.943 -2.49378
0.944 -2.491
0.945 -2.48822
0.946 -2.48544
0.947 -2.48266
0.948 -2.47987
0.949 -2.47708
0.95 -2.47429
0.951 -2.4715
0.952 -2.46871
0.953 -2.46591
0.954 -2.46312
0.955 -2.46032
0.956 -2.45752
0.957 -2.45471
0.958 -2.45191
0.959 -2.4491
0.96 -2.44629
0.961 -2.44348
0.962 -2.44067
0.963 -2.43785
0.964 -2.43503
0.965 -2.43221
0.966 -2.42939
0.967 -2.42657
0.968 -2.42374
0.969 -2.42092
0.97 -2.41809
0.971 -2.41526
0.972 -2.41242
0.973 -2.40959
0.974 -2.40675
0.975 -2.40391
0.976 -2.40107
0.977 -2.39822
0.978 -2.39538
0.979 -2.39253
0.98 -2.38968
0.981 -2.38683
0.982 -2.38397
0.983 -2.38111
0.984 -2.37826
0.985 -2.3754
0.986 -2.37253
0.987 -2.36967
0.988 -2.3668
0.989 -2.36393
0.99 -2.36106
0.991 -2.35819
0.992 -2.35531
0.993 -2.35244
0.994 -2.34956
0.995 -2.34668
0.996 -2.34379
0.997 -2.34091
0.998 -2.33802
0.999 -2.33513
