0 0
0.001 0.001
0.001 0.001
0.002 0.001
0.003 0.001
0.004 0.001
0.005 0.001
0.006 0.001
0.007 0.001
0.008 0.001
0.009 0.001
0.01 0.001
0.011 0.001
0.012 0.001
0.013 0.001
0.014 0.001
0.015 0.001
0.016 0.001
0.017 0.001
0.018 0.001
0.019 0.001
0.02 0.001
0.021 0.001
0.022 0.001
0.023 0.001
0.024 0.001
0.025 0.001
0.026 0.001
0.027 0.001
0.028 0.001
0.029 0.001
0.03 0.001
0.031 0.001
0.032 0.001
0.033 0.001
0.034 0.001
0.035 0.001
0.036 0.001
0.037 0.001
0.038 0.001
0.039 0.001
0.04 0.001
0.041 0.001
0.042 0.001
0.043 0.001
0.044 0.001
0.045 0.001
0.046 0.001
0.047 0.001
0.048 0.001
0.049 0.001
0.05 0.001
0.051 0.001
0.052 0.001
0.053 0.001
0.054 0.001
0.055 0.001
0.056 0.001
0.057 0.001
0.058 0.001
0.059 0.001
0.06 0.001
0.061 0.001
0.062 0.001
0.063 0.001
0.064 0.001
0.065 0.001
0.066 0.001
0.067 0.001
0.068 0.001
0.069 0.001
0.07 0.001
0.071 0.001
0.072 0.001
0.073 0.001
0.074 0.001
0.075 0.001
0.076 0.001
0.077 0.001
0.078 0.001
0.079 0.001
0.08 0.001
0.081 0.001
0.082 0.001
0.083 0.001
0.084 0.001
0.085 0.001
0.086 0.001
0.087 0.001
0.088 0.001
0.089 0.001
0.09 0.001
0.091 0.001
0.092 0.001
0.093 0.001
0.094 0.001
0.095 0.001
0.096 0.001
0.097 0.001
0.098 0.001
0.099 0.001
0.1 0.001
0.101 0.001
0.102 0.001
0.103 0.001
0.104 0.001
0.105 0.001
0.106 0.001
0.107 0.001
0.108 0.001
0.109 0.001
0.11 0.001
0.111 0.001
0.112 0.001
0.113 0.001
0.114 0.001
0.115 0.001
0.116 0.001
0.117 0.001
0.118 0.001
0.119 0.001
0.12 0.001
0.121 0.001
0.122 0.001
0.123 0.001
0.124 0.001
0.125 0.001
0.126 0.001
0.127 0.001
0.128 0.001
0.129 0.001
0.13 0.001
0.131 0.001
0.132 0.001
0.133 0.001
0.134 0.001
0.135 0.001
0.136 0.001
0.137 0.001
0.138 0.001
0.139 0.001
0.14 0.001
0.141 0.001
0.142 0.001
0.143 0.001
0.144 0.001
0.145 0.001
0.146 0.001
0.147 0.001
0.148 0.001
0.149 0.001
0.15 0.001
0.151 0.001
0.152 0.001
0.153 0.001
0.154 0.001
0.155 0.001
0.156 0.001
0.157 0.001
0.158 0.001
0.159 0.001
0.16 0.001
0.161 0.001
0.162 0.001
0.163 0.001
0.164 0.001
0.165 0.001
0.166 0.001
0.167 0.001
0.168 0.001
0.169 0.001
0.17 0.001
0.171 0.001
0.172 0.001
0.173 0.001
0.174 0.001
0.175 0.001
0.176 0.001
0.177 0.001
0.178 0.001
0.179 0.001
0.18 0.001
0.181 0.001
0.182 0.001
0.183 0.001
0.184 0.001
0.185 0.001
0.186 0.001
0.187 0.001
0.188 0.001
0.189 0.001
0.19 0.001
0.191 0.001
0.192 0.001
0.193 0.001
0.194 0.001
0.195 0.001
0.196 0.001
0.197 0.001
0.198 0.001
0.199 0.001
0.2 0.001
0.201 0.001
0.202 0.001
0.203 0.001
0.204 0.001
0.205 0.001
0.206 0.001
0.207 0.001
0.208 0.001
0.209 0.001
0.21 0.001
0.211 0.001
0.212 0.001
0.213 0.001
0.214 0.001
0.215 0.001
0.216 0.001
0.217 0.001
0.218 0.001
0.219 0.001
0.22 0.001
0.221 0.001
0.222 0.001
0.223 0.001
0.224 0.001
0.225 0.001
0.226 0.001
0.227 0.001
0.228 0.001
0.229 0.001
0.23 0.001
0.231 0.001
0.232 0.001
0.233 0.001
0.234 0.001
0.235 0.001
0.236 0.001
0.237 0.001
0.238 0.001
0.239 0.001
0.24 0.001
0.241 0.001
0.242 0.001
0.243 0.001
0.244 0.001
0.245 0.001
0.246 0.001
0.247 0.001
0.248 0.001
0.249 0.001
0.25 0.001
0.251 0.001
0.252 0.001
0.253 0.001
0.254 0.001
0.255 0.001
0.256 0.001
0.257 0.001
0.258 0.001
0.259 0.001
0.26 0.001
0.261 0.001
0.262 0.001
0.263 0.001
0.264 0.001
0.265 0.001
0.266 0.001
0.267 0.001
0.268 0.001
0.269 0.001
0.27 0.001
0.271 0.001
0.272 0.001
0.273 0.001
0.274 0.001
0.275 0.001
0.276 0.001
0.277 0.001
0.278 0.001
0.279 0.001
0.28 0.001
0.281 0.001
0.282 0.001
0.283 0.001
0.284 0.001
0.285 0.001
0.286 0.001
0.287 0.001
0.288 0.001
0.289 0.001
0.29 0.001
0.291 0.001
0.292 0.001
0.293 0.001
0.294 0.001
0.295 0.001
0.296 0.001
0.297 0.001
0.298 0.001
0.299 0.001
0.3 0.001
0.301 0.001
0.302 0.001
0.303 0.001
0.304 0.001
0.305 0.001
0.306 0.001
0.307 0.001
0.308 0.001
0.309 0.001
0.31 0.001
0.311 0.001
0.312 0.001
0.313 0.001
0.314 0.001
0.315 0.001
0.316 0.001
0.317 0.001
0.318 0.001
0.319 0.001
0.32 0.001
0.321 0.001
0.322 0.001
0.323 0.001
0.324 0.001
0.325 0.001
0.326 0.001
0.327 0.001
0.328 0.001
0.329 0.001
0.33 0.001
0.331 0.001
0.332 0.001
0.333 0.001
0.334 0.001
0.335 0.001
0.336 0.001
0.337 0.001
0.338 0.001
0.339 0.001
0.34 0.001
0.341 0.001
0.342 0.001
0.343 0.001
0.344 0.001
0.345 0.001
0.346 0.001
0.347 0.001
0.348 0.001
0.349 0.001
0.35 0.001
0.351 0.001
0.352 0.001
0.353 0.001
0.354 0.001
0.355 0.001
0.356 0.001
0.357 0.001
0.358 0.001
0.359 0.001
0.36 0.001
0.361 0.001
0.362 0.001
0.363 0.001
0.364 0.001
0.365 0.001
0.366 0.001
0.367 0.001
0.368 0.001
0.369 0.001
0.37 0.001
0.371 0.001
0.372 0.001
0.373 0.001
0.374 0.001
0.375 0.001
0.376 0.001
0.377 0.001
0.378 0.001
0.379 0.001
0.38 0.001
0.381 0.001
0.382 0.001
0.383 0.001
0.384 0.001
0.385 0.001
0.386 0.001
0.387 0.001
0.388 0.001
0.389 0.001
0.39 0.001
0.391 0.001
0.392 0.001
0.393 0.001
0.394 0.001
0.395 0.001
0.396 0.001
0.397 0.001
0.398 0.001
0.399 0.001
0.4 0.001
0.401 0.001
0.402 0.001
0.403 0.001
0.404 0.001
0.405 0.001
0.406 0.001
0.407 0.001
0.408 0.001
0.409 0.001
0.41 0.001
0.411 0.001
0.412 0.001
0.413 0.001
0.414 0.001
0.415 0.001
0.416 0.001
0.417 0.001
0.418 0.001
0.419 0.001
0.42 0.001
0.421 0.001
0.422 0.001
0.423 0.001
0.424 0.001
0.425 0.001
0.426 0.001
0.427 0.001
0.428 0.001
0.429 0.001
0.43 0.001
0.431 0.001
0.432 0.001
0.433 0.001
0.434 0.001
0.435 0.001
0.436 0.001
0.437 0.001
0.438 0.001
0.439 0.001
0.44 0.001
0.441 0.001
0.442 0.001
0.443 0.001
0.444 0.001
0.445 0.001
0.446 0.001
0.447 0.001
0.448 0.001
0.449 0.001
0.45 0.001
0.451 0.001
0.452 0.001
0.453 0.001
0.454 0.001
0.455 0.001
0.456 0.001
0.457 0.001
0.458 0.001
0.459 0.001
0.46 0.001
0.461 0.001
0.462 0.001
0.463 0.001
0.464 0.001
0.465 0.001
0.466 0.001
0.467 0.001
0.468 0.001
0.469 0.001
0.47 0.001
0.471 0.001
0.472 0.001
0.473 0.001
0.474 0.001
0.475 0.001
0.476 0.001
0.477 0.001
0.478 0.001
0.479 0.001
0.48 0.001
0.481 0.001
0.482 0.001
0.483 0.001
0.484 0.001
0.485 0.001
0.486 0.001
0.487 0.001
0.488 0.001
0.489 0.001
0.49 0.001
0.491 0.001
0.492 0.001
0.493 0.001
0.494 0.001
0.495 0.001
0.496 0.001
0.497 0.001
0.498 0.001
0.499 0.001
0.5 0.001
0.501 0.001
0.502 0.001
0.503 0.001
0.504 0.001
0.505 0.001
0.506 0.001
0.507 0.001
0.508 0.001
0.509 0.001
0.51 0.001
0.511 0.001
0.512 0.001
0.513 0.001
0.514 0.001
0.515 0.001
0.516 0.001
0.517 0.001
0.518 0.001
0.519 0.001
0.52 0.001
0.521 0.001
0.522 0.001
0.523 0.001
0.524 0.001
0.525 0.001
0.526 0.001
0.527 0.001
0.528 0.001
0.529 0.001
0.53 0.001
0.531 0.001
0.532 0.001
0.533 0.001
0.534 0.001
0.535 0.001
0.536 0.001
0.537 0.001
0.538 0.001
0.539 0.001
0.54 0.001
0.541 0.001
0.542 0.001
0.543 0.001
0.544 0.001
0.545 0.001
0.546 0.001
0.547 0.001
0.548 0.001
0.549 0.001
0.55 0.001
0.551 0.001
0.552 0.001
0.553 0.001
0.554 0.001
0.555 0.001
0.556 0.001
0.557 0.001
0.558 0.001
0.559 0.001
0.56 0.001
0.561 0.001
0.562 0.001
0.563 0.001
0.564 0.001
0.565 0.001
0.566 0.001
0.567 0.001
0.568 0.001
0.569 0.001
0.57 0.001
0.571 0.001
0.572 0.001
0.573 0.001
0.574 0.001
0.575 0.001
0.576 0.001
0.577 0.001
0.578 0.001
0.579 0.001
0.58 0.001
0.581 0.001
0.582 0.001
0.583 0.001
0.584 0.001
0.585 0.001
0.586 0.001
0.587 0.001
0.588 0.001
0.589 0.001
0.59 0.001
0.591 0.001
0.592 0.001
0.593 0.001
0.594 0.001
0.595 0.001
0.596 0.001
0.597 0.001
0.598 0.001
0.599 0.001
0.6 0.001
0.601 0.001
0.602 0.001
0.603 0.001
0.604 0.001
0.605 0.001
0.606 0.001
0.607 0.001
0.608 0.001
0.609 0.001
0.61 0.001
0.611 0.001
0.612 0.001
0.613 0.001
0.614 0.001
0.615 0.001
0.616 0.001
0.617 0.001
0.618 0.001
0.619 0.001
0.62 0.001
0.621 0.001
0.622 0.001
0.623 0.001
0.624 0.001
0.625 0.001
0.626 0.001
0.627 0.001
0.628 0.001
0.629 0.001
0.63 0.001
0.631 0.001
0.632 0.001
0.633 0.001
0.634 0.001
0.635 0.001
0.636 0.001
0.637 0.001
0.638 0.001
0.639 0.001
0.64 0.001
0.641 0.001
0.642 0.001
0.643 0.001
0.644 0.001
0.645 0.001
0.646 0.001
0.647 0.001
0.648 0.001
0.649 0.001
0.65 0.001
0.651 0.001
0.652 0.001
0.653 0.001
0.654 0.001
0.655 0.001
0.656 0.001
0.657 0.001
0.658 0.001
0.659 0.001
0.66 0.001
0.661 0.001
0.662 0.001
0.663 0.001
0.664 0.001
0.665 0.001
0.666 0.001
0.667 0.001
0.668 0.001
0.669 0.001
0.67 0.001
0.671 0.001
0.672 0.001
0.673 0.001
0.674 0.001
0.675 0.001
0.676 0.001
0.677 0.001
0.678 0.001
0.679 0.001
0.68 0.001
0.681 0.001
0.682 0.001
0.683 0.001
0.684 0.001
0.685 0.001
0.686 0.001
0.687 0.001
0.688 0.001
0.689 0.001
0.69 0.001
0.691 0.001
0.692 0.001
0.693 0.001
0.694 0.001
0.695 0.001
0.696 0.001
0.697 0.001
0.698 0.001
0.699 0.001
0.7 0.001
0.701 0.001
0.702 0.001
0.703 0.001
0.704 0.001
0.705 0.001
0.706 0.001
0.707 0.001
0.708 0.001
0.709 0.001
0.71 0.001
0.711 0.001
0.712 0.001
0.713 0.001
0.714 0.001
0.715 0.001
0.716 0.001
0.717 0.001
0.718 0.001
0.719 0.001
0.72 0.001
0.721 0.001
0.722 0.001
0.723 0.001
0.724 0.001
0.725 0.001
0.726 0.001
0.727 0.001
0.728 0.001
0.729 0.001
0.73 0.001
0.731 0.001
0.732 0.001
0.733 0.001
0.734 0.001
0.735 0.001
0.736 0.001
0.737 0.001
0.738 0.001
0.739 0.001
0.74 0.001
0.741 0.001
0.742 0.001
0.743 0.001
0.744 0.001
0.745 0.001
0.746 0.001
0.747 0.001
0.748 0.001
0.749 0.001
0.75 0.001
0.751 0.001
0.752 0.001
0.753 0.001
0.754 0.001
0.755 0.001
0.756 0.001
0.757 0.001
0.758 0.001
0.759 0.001
0.76 0.001
0.761 0.001
0.762 0.001
0.763 0.001
0.764 0.001
0.765 0.001
0.766 0.001
0.767 0.001
0.768 0.001
0.769 0.001
0.77 0.001
0.771 0.001
0.772 0.001
0.773 0.001
0.774 0.001
0.775 0.001
0.776 0.001
0.777 0.001
0.778 0.001
0.779 0.001
0.78 0.001
0.781 0.001
0.782 0.001
0.783 0.001
0.784 0.001
0.785 0.001
0.786 0.001
0.787 0.001
0.788 0.001
0.789 0.001
0.79 0.001
0.791 0.001
0.792 0.001
0.793 0.001
0.794 0.001
0.795 0.001
0.796 0.001
0.797 0.001
0.798 0.001
0.799 0.001
0.8 0.001
0.801 0.001
0.802 0.001
0.803 0.001
0.804 0.001
0.805 0.001
0.806 0.001
0.807 0.001
0.808 0.001
0.809 0.001
0.81 0.001
0.811 0.001
0.812 0.001
0.813 0.001
0.814 0.001
0.815 0.001
0.816 0.001
0.817 0.001
0.818 0.001
0.819 0.001
0.82 0.001
0.821 0.001
0.822 0.001
0.823 0.001
0.824 0.001
0.825 0.001
0.826 0.001
0.827 0.001
0.828 0.001
0.829 0.001
0.83 0.001
0.831 0.001
0.832 0.001
0.833 0.001
0.834 0.001
0.835 0.001
0.836 0.001
0.837 0.001
0.838 0.001
0.839 0.001
0.84 0.001
0.841 0.001
0.842 0.001
0.843 0.001
0.844 0.001
0.845 0.001
0.846 0.001
0.847 0.001
0.848 0.001
0.849 0.001
0.85 0.001
0.851 0.001
0.852 0.001
0.853 0.001
0.854 0.001
0.855 0.001
0.856 0.001
0.857 0.001
0.858 0.001
0.859 0.001
0.86 0.001
0.861 0.001
0.862 0.001
0.863 0.001
0.864 0.001
0.865 0.001
0.866 0.001
0.867 0.001
0.868 0.001
0.869 0.001
0.87 0.001
0.871 0.001
0.872 0.001
0.873 0.001
0.874 0.001
0.875 0.001
0.876 0.001
0.877 0.001
0.878 0.001
0.879 0.001
0.88 0.001
0.881 0.001
0.882 0.001
0.883 0.001
0.884 0.001
0.885 0.001
0.886 0.001
0.887 0.001
0.888 0.001
0.889 0.001
0.89 0.001
0.891 0.001
0.892 0.001
0.893 0.001
0.894 0.001
0.895 0.001
0.896 0.001
0.897 0.001
0.898 0.001
0.899 0.001
0.9 0.001
0.901 0.001
0.902 0.001
0.903 0.001
0.904 0.001
0.905 0.001
0.906 0.001
0.907 0.001
0.908 0.001
0.909 0.001
0.91 0.001
0.911 0.001
0.912 0.001
0.913 0.001
0.914 0.001
0.915 0.001
0.916 0.001
0.917 0.001
0.918 0.001
0.919 0.001
0.92 0.001
0.921 0.001
0.922 0.001
0.923 0.001
0.924 0.001
0.925 0.001
0.926 0.001
0.927 0.001
0.928 0.001
0.929 0.001
0.93 0.001
0.931 0.001
0.932 0.001
0.933 0.001
0.934 0.001
0.935 0.001
0.936 0.001
0.937 0.001
0.938 0.001
0.939 0.001
0.94 0.001
0.941 0.001
0.942 0.001
0.943 0.001
0.944 0.001
0.945 0.001
0.946 0.001
0.947 0.001
0.948 0.001
0.949 0.001
0.95 0.001
0.951 0.001
0.952 0.001
0.953 0.001
0.954 0.001
0.955 0.001
0.956 0.001
0.957 0.001
0.958 0.001
0.959 0.001
0.96 0.001
0.961 0.001
0.962 0.001
0.963 0.001
0.964 0.001
0.965 0.001
0.966 0.001
0.967 0.001
0.968 0.001
0.969 0.001
0.97 0.001
0.971 0.001
0.972 0.001
0.973 0.001
0.974 0.001
0.975 0.001
0.976 0.001
0.977 0.001
0.978 0.001
0.979 0.001
0.98 0.001
0.981 0.001
0.982 0.001
0.983 0.001
0.984 0.001
0.985 0.001
0.986 0.001
0.987 0.001
0.988 0.001
0.989 0.001
0.99 0.001
0.991 0.001
0.992 0.001
0.993 0.001
0.994 0.001
0.995 0.001
0.996 0.001
0.997 0.001
0.998 0.001
0.999 0.001
1 0.001
1.001 0.001
1.002 0.001
1.003 0.001
1.004 0.001
1.005 0.001
1.006 0.001
1.007 0.001
1.008 0.001
1.009 0.001
1.01 0.001
1.011 0.001
1.012 0.001
1.013 0.001
1.014 0.001
1.015 0.001
1.016 0.001
1.017 0.001
1.018 0.001
1.019 0.001
1.02 0.001
1.021 0.001
1.022 0.001
1.023 0.001
1.024 0.001
1.025 0.001
1.026 0.001
1.027 0.001
1.028 0.001
1.029 0.001
1.03 0.001
1.031 0.001
1.032 0.001
1.033 0.001
1.034 0.001
1.035 0.001
1.036 0.001
1.037 0.001
1.038 0.001
1.039 0.001
1.04 0.001
1.041 0.001
1.042 0.001
1.043 0.001
1.044 0.001
1.045 0.001
1.046 0.001
1.047 0.001
1.048 0.001
1.049 0.001
1.05 0.001
1.051 0.001
1.052 0.001
1.053 0.001
1.054 0.001
1.055 0.001
1.056 0.001
1.057 0.001
1.058 0.001
1.059 0.001
1.06 0.001
1.061 0.001
1.062 0.001
1.063 0.001
1.064 0.001
1.065 0.001
1.066 0.001
1.067 0.001
1.068 0.001
1.069 0.001
1.07 0.001
1.071 0.001
1.072 0.001
1.073 0.001
1.074 0.001
1.075 0.001
1.076 0.001
1.077 0.001
1.078 0.001
1.079 0.001
1.08 0.001
1.081 0.001
1.082 0.001
1.083 0.001
1.084 0.001
1.085 0.001
1.086 0.001
1.087 0.001
1.088 0.001
1.089 0.001
1.09 0.001
1.091 0.001
1.092 0.001
1.093 0.001
1.094 0.001
1.095 0.001
1.096 0.001
1.097 0.001
1.098 0.001
1.099 0.001
1.1 0.001
1.101 0.001
1.102 0.001
1.103 0.001
1.104 0.001
1.105 0.001
1.106 0.001
1.107 0.001
1.108 0.001
1.109 0.001
1.11 0.001
1.111 0.001
1.112 0.001
1.113 0.001
1.114 0.001
1.115 0.001
1.116 0.001
1.117 0.001
1.118 0.001
1.119 0.001
1.12 0.001
1.121 0.001
1.122 0.001
1.123 0.001
1.124 0.001
1.125 0.001
1.126 0.001
1.127 0.001
1.128 0.001
1.129 0.001
1.13 0.001
1.131 0.001
1.132 0.001
1.133 0.001
1.134 0.001
1.135 0.001
1.136 0.001
1.137 0.001
1.138 0.001
1.139 0.001
1.14 0.001
1.141 0.001
1.142 0.001
1.143 0.001
1.144 0.001
1.145 0.001
1.146 0.001
1.147 0.001
1.148 0.001
1.149 0.001
1.15 0.001
1.151 0.001
1.152 0.001
1.153 0.001
1.154 0.001
1.155 0.001
1.156 0.001
1.157 0.001
1.158 0.001
1.159 0.001
1.16 0.001
1.161 0.001
1.162 0.001
1.163 0.001
1.164 0.001
1.165 0.001
1.166 0.001
1.167 0.001
1.168 0.001
1.169 0.001
1.17 0.001
1.171 0.001
1.172 0.001
1.173 0.001
1.174 0.001
1.175 0.001
1.176 0.001
1.177 0.001
1.178 0.001
1.179 0.001
1.18 0.001
1.181 0.001
1.182 0.001
1.183 0.001
1.184 0.001
1.185 0.001
1.186 0.001
1.187 0.001
1.188 0.001
1.189 0.001
1.19 0.001
1.191 0.001
1.192 0.001
1.193 0.001
1.194 0.001
1.195 0.001
1.196 0.001
1.197 0.001
1.198 0.001
1.199 0.001
1.2 0.001
1.201 0.001
1.202 0.001
1.203 0.001
1.204 0.001
1.205 0.001
1.206 0.001
1.207 0.001
1.208 0.001
1.209 0.001
1.21 0.001
1.211 0.001
1.212 0.001
1.213 0.001
1.214 0.001
1.215 0.001
1.216 0.001
1.217 0.001
1.218 0.001
1.219 0.001
1.22 0.001
1.221 0.001
1.222 0.001
1.223 0.001
1.224 0.001
1.225 0.001
1.226 0.001
1.227 0.001
1.228 0.001
1.229 0.001
1.23 0.001
1.231 0.001
1.232 0.001
1.233 0.001
1.234 0.001
1.235 0.001
1.236 0.001
1.237 0.001
1.238 0.001
1.239 0.001
1.24 0.001
1.241 0.001
1.242 0.001
1.243 0.001
1.244 0.001
1.245 0.001
1.246 0.001
1.247 0.001
1.248 0.001
1.249 0.001
1.25 0.001
1.251 0.001
1.252 0.001
1.253 0.001
1.254 0.001
1.255 0.001
1.256 0.001
1.257 0.001
1.258 0.001
1.259 0.001
1.26 0.001
1.261 0.001
1.262 0.001
1.263 0.001
1.264 0.001
1.265 0.001
1.266 0.001
1.267 0.001
1.268 0.001
1.269 0.001
1.27 0.001
1.271 0.001
1.272 0.001
1.273 0.001
1.274 0.001
1.275 0.001
1.276 0.001
1.277 0.001
1.278 0.001
1.279 0.001
1.28 0.001
1.281 0.001
1.282 0.001
1.283 0.001
1.284 0.001
1.285 0.001
1.286 0.001
1.287 0.001
1.288 0.001
1.289 0.001
1.29 0.001
1.291 0.001
1.292 0.001
1.293 0.001
1.294 0.001
1.295 0.001
1.296 0.001
1.297 0.001
1.298 0.001
1.299 0.001
1.3 0.001
1.301 0.001
1.302 0.001
1.303 0.001
1.304 0.001
1.305 0.001
1.306 0.001
1.307 0.001
1.308 0.001
1.309 0.001
1.31 0.001
1.311 0.001
1.312 0.001
1.313 0.001
1.314 0.001
1.315 0.001
1.316 0.001
1.317 0.001
1.318 0.001
1.319 0.001
1.32 0.001
1.321 0.001
1.322 0.001
1.323 0.001
1.324 0.001
1.325 0.001
1.326 0.001
1.327 0.001
1.328 0.001
1.329 0.001
1.33 0.001
1.331 0.001
1.332 0.001
1.333 0.001
1.334 0.001
1.335 0.001
1.336 0.001
1.337 0.001
1.338 0.001
1.339 0.001
1.34 0.001
1.341 0.001
1.342 0.001
1.343 0.001
1.344 0.001
1.345 0.001
1.346 0.001
1.347 0.001
1.348 0.001
1.349 0.001
1.35 0.001
1.351 0.001
1.352 0.001
1.353 0.001
1.354 0.001
1.355 0.001
1.356 0.001
1.357 0.001
1.358 0.001
1.359 0.001
1.36 0.001
1.361 0.001
1.362 0.001
1.363 0.001
1.364 0.001
1.365 0.001
1.366 0.001
1.367 0.001
1.368 0.001
1.369 0.001
1.37 0.001
1.371 0.001
1.372 0.001
1.373 0.001
1.374 0.001
1.375 0.001
1.376 0.001
1.377 0.001
1.378 0.001
1.379 0.001
1.38 0.001
1.381 0.001
1.382 0.001
1.383 0.001
1.384 0.001
1.385 0.001
1.386 0.001
1.387 0.001
1.388 0.001
1.389 0.001
1.39 0.001
1.391 0.001
1.392 0.001
1.393 0.001
1.394 0.001
1.395 0.001
1.396 0.001
1.397 0.001
1.398 0.001
1.399 0.001
1.4 0.001
1.401 0.001
1.402 0.001
1.403 0.001
1.404 0.001
1.405 0.001
1.406 0.001
1.407 0.001
1.408 0.001
1.409 0.001
1.41 0.001
1.411 0.001
1.412 0.001
1.413 0.001
1.414 0.001
1.415 0.001
1.416 0.001
1.417 0.001
1.418 0.001
1.419 0.001
1.42 0.001
1.421 0.001
1.422 0.001
1.423 0.001
1.424 0.001
1.425 0.001
1.426 0.001
1.427 0.001
1.428 0.001
1.429 0.001
1.43 0.001
1.431 0.001
1.432 0.001
1.433 0.001
1.434 0.001
1.435 0.001
1.436 0.001
1.437 0.001
1.438 0.001
1.439 0.001
1.44 0.001
1.441 0.001
1.442 0.001
1.443 0.001
1.444 0.001
1.445 0.001
1.446 0.001
1.447 0.001
1.448 0.001
1.449 0.001
1.45 0.001
1.451 0.001
1.452 0.001
1.453 0.001
1.454 0.001
1.455 0.001
1.456 0.001
1.457 0.001
1.458 0.001
1.459 0.001
1.46 0.001
1.461 0.001
1.462 0.001
1.463 0.001
1.464 0.001
1.465 0.001
1.466 0.001
1.467 0.001
1.468 0.001
1.469 0.001
1.47 0.001
1.471 0.001
1.472 0.001
1.473 0.001
1.474 0.001
1.475 0.001
1.476 0.001
1.477 0.001
1.478 0.001
1.479 0.001
1.48 0.001
1.481 0.001
1.482 0.001
1.483 0.001
1.484 0.001
1.485 0.001
1.486 0.001
1.487 0.001
1.488 0.001
1.489 0.001
1.49 0.001
1.491 0.001
1.492 0.001
1.493 0.001
1.494 0.001
1.495 0.001
1.496 0.001
1.497 0.001
1.498 0.001
1.499 0.001
1.5 0.001
1.501 0.001
1.502 0.001
1.503 0.001
1.504 0.001
1.505 0.001
1.506 0.001
1.507 0.001
1.508 0.001
1.509 0.001
1.51 0.001
1.511 0.001
1.512 0.001
1.513 0.001
1.514 0.001
1.515 0.001
1.516 0.001
1.517 0.001
1.518 0.001
1.519 0.001
1.52 0.001
1.521 0.001
1.522 0.001
1.523 0.001
1.524 0.001
1.525 0.001
1.526 0.001
1.527 0.001
1.528 0.001
1.529 0.001
1.53 0.001
1.531 0.001
1.532 0.001
1.533 0.001
1.534 0.001
1.535 0.001
1.536 0.001
1.537 0.001
1.538 0.001
1.539 0.001
1.54 0.001
1.541 0.001
1.542 0.001
1.543 0.001
1.544 0.001
1.545 0.001
1.546 0.001
1.547 0.001
1.548 0.001
1.549 0.001
1.55 0.001
1.551 0.001
1.552 0.001
1.553 0.001
1.554 0.001
1.555 0.001
1.556 0.001
1.557 0.001
1.558 0.001
1.559 0.001
1.56 0.001
1.561 0.001
1.562 0.001
1.563 0.001
1.564 0.001
1.565 0.001
1.566 0.001
1.567 0.001
1.568 0.001
1.569 0.001
1.57 0.001
1.571 0.001
1.572 0.001
1.573 0.001
1.574 0.001
1.575 0.001
1.576 0.001
1.577 0.001
1.578 0.001
1.579 0.001
1.58 0.001
1.581 0.001
1.582 0.001
1.583 0.001
1.584 0.001
1.585 0.001
1.586 0.001
1.587 0.001
1.588 0.001
1.589 0.001
1.59 0.001
1.591 0.001
1.592 0.001
1.593 0.001
1.594 0.001
1.595 0.001
1.596 0.001
1.597 0.001
1.598 0.001
1.599 0.001
1.6 0.001
1.601 0.001
1.602 0.001
1.603 0.001
1.604 0.001
1.605 0.001
1.606 0.001
1.607 0.001
1.608 0.001
1.609 0.001
1.61 0.001
1.611 0.001
1.612 0.001
1.613 0.001
1.614 0.001
1.615 0.001
1.616 0.001
1.617 0.001
1.618 0.001
1.619 0.001
1.62 0.001
1.621 0.001
1.622 0.001
1.623 0.001
1.624 0.001
1.625 0.001
1.626 0.001
1.627 0.001
1.628 0.001
1.629 0.001
1.63 0.001
1.631 0.001
1.632 0.001
1.633 0.001
1.634 0.001
1.635 0.001
1.636 0.001
1.637 0.001
1.638 0.001
1.639 0.001
1.64 0.001
1.641 0.001
1.642 0.001
1.643 0.001
1.644 0.001
1.645 0.001
1.646 0.001
1.647 0.001
1.648 0.001
1.649 0.001
1.65 0.001
1.651 0.001
1.652 0.001
1.653 0.001
1.654 0.001
1.655 0.001
1.656 0.001
1.657 0.001
1.658 0.001
1.659 0.001
1.66 0.001
1.661 0.001
1.662 0.001
1.663 0.001
1.664 0.001
1.665 0.001
1.666 0.001
1.667 0.00100001
1.668 0.00100001
1.669 0.00100001
1.67 0.00100001
1.671 0.00100001
1.672 0.00100001
1.673 0.00100001
1.674 0.00100001
1.675 0.00100001
1.676 0.00100001
1.677 0.00100001
1.678 0.00100001
1.679 0.00100001
1.68 0.00100001
1.681 0.00100001
1.682 0.00100001
1.683 0.00100001
1.684 0.00100001
1.685 0.00100001
1.686 0.00100001
1.687 0.00100001
1.688 0.00100001
1.689 0.00100001
1.69 0.00100001
1.691 0.00100001
1.692 0.00100001
1.693 0.00100001
1.694 0.00100001
1.695 0.00100001
1.696 0.00100001
1.697 0.00100001
1.698 0.00100001
1.699 0.00100001
1.7 0.00100001
1.701 0.00100001
1.702 0.00100001
1.703 0.00100001
1.704 0.00100001
1.705 0.00100001
1.706 0.00100001
1.707 0.00100001
1.708 0.00100001
1.709 0.00100001
1.71 0.00100001
1.711 0.00100001
1.712 0.00100001
1.713 0.00100001
1.714 0.00100001
1.715 0.00100001
1.716 0.00100001
1.717 0.00100001
1.718 0.00100001
1.719 0.00100001
1.72 0.00100001
1.721 0.00100001
1.722 0.00100001
1.723 0.00100001
1.724 0.00100001
1.725 0.00100001
1.726 0.00100001
1.727 0.00100001
1.728 0.00100001
1.729 0.00100001
1.73 0.00100001
1.731 0.00100001
1.732 0.00100001
1.733 0.00100001
1.734 0.00100001
1.735 0.00100001
1.736 0.00100001
1.737 0.00100001
1.738 0.00100001
1.739 0.00100001
1.74 0.00100001
1.741 0.00100001
1.742 0.00100001
1.743 0.00100001
1.744 0.00100001
1.745 0.00100001
1.746 0.00100001
1.747 0.00100001
1.748 0.00100001
1.749 0.00100001
1.75 0.00100001
1.751 0.00100001
1.752 0.00100001
1.753 0.00100001
1.754 0.00100001
1.755 0.00100001
1.756 0.00100001
1.757 0.00100001
1.758 0.00100001
1.759 0.00100001
1.76 0.00100001
1.761 0.00100001
1.762 0.00100001
1.763 0.00100001
1.764 0.00100001
1.765 0.00100001
1.766 0.00100001
1.767 0.00100001
1.768 0.00100001
1.769 0.00100001
1.77 0.00100001
1.771 0.00100001
1.772 0.00100001
1.773 0.00100001
1.774 0.00100001
1.775 0.00100001
1.776 0.00100001
1.777 0.00100001
1.778 0.00100001
1.779 0.00100001
1.78 0.00100001
1.781 0.00100001
1.782 0.00100001
1.783 0.00100001
1.784 0.00100001
1.785 0.00100001
1.786 0.00100001
1.787 0.00100001
1.788 0.00100001
1.789 0.00100001
1.79 0.00100001
1.791 0.00100001
1.792 0.00100001
1.793 0.00100001
1.794 0.00100001
1.795 0.00100001
1.796 0.00100001
1.797 0.00100001
1.798 0.00100001
1.799 0.00100001
1.8 0.00100001
1.801 0.00100001
1.802 0.00100001
1.803 0.00100001
1.804 0.00100001
1.805 0.00100001
1.806 0.00100001
1.807 0.00100001
1.808 0.00100001
1.809 0.00100001
1.81 0.00100001
1.811 0.00100001
1.812 0.00100001
1.813 0.00100001
1.814 0.00100001
1.815 0.00100001
1.816 0.00100001
1.817 0.00100001
1.818 0.00100001
1.819 0.00100001
1.82 0.00100001
1.821 0.00100001
1.822 0.00100001
1.823 0.00100001
1.824 0.00100001
1.825 0.00100001
1.826 0.00100001
1.827 0.00100001
1.828 0.00100001
1.829 0.00100001
1.83 0.00100001
1.831 0.00100001
1.832 0.00100001
1.833 0.00100001
1.834 0.00100001
1.835 0.00100001
1.836 0.00100001
1.837 0.00100001
1.838 0.00100001
1.839 0.00100001
1.84 0.00100001
1.841 0.00100001
1.842 0.00100001
1.843 0.00100001
1.844 0.00100001
1.845 0.00100001
1.846 0.00100001
1.847 0.00100001
1.848 0.00100001
1.849 0.00100001
1.85 0.00100001
1.851 0.00100001
1.852 0.00100001
1.853 0.00100001
1.854 0.00100001
1.855 0.00100001
1.856 0.00100001
1.857 0.00100001
1.858 0.00100001
1.859 0.00100001
1.86 0.00100001
1.861 0.00100001
1.862 0.00100001
1.863 0.00100001
1.864 0.00100001
1.865 0.00100001
1.866 0.00100001
1.867 0.00100001
1.868 0.00100001
1.869 0.00100001
1.87 0.00100001
1.871 0.00100001
1.872 0.00100001
1.873 0.00100001
1.874 0.00100001
1.875 0.00100001
1.876 0.00100001
1.877 0.00100001
1.878 0.00100001
1.879 0.00100001
1.88 0.00100001
1.881 0.00100001
1.882 0.00100001
1.883 0.00100001
1.884 0.00100001
1.885 0.00100001
1.886 0.00100001
1.887 0.00100001
1.888 0.00100001
1.889 0.00100001
1.89 0.00100001
1.891 0.00100001
1.892 0.00100001
1.893 0.00100001
1.894 0.00100001
1.895 0.00100001
1.896 0.00100001
1.897 0.00100001
1.898 0.00100001
1.899 0.00100001
1.9 0.00100001
1.901 0.00100001
1.902 0.00100001
1.903 0.00100001
1.904 0.00100001
1.905 0.00100001
1.906 0.00100001
1.907 0.00100001
1.908 0.00100001
1.909 0.00100001
1.91 0.00100001
1.911 0.00100001
1.912 0.00100001
1.913 0.00100001
1.914 0.00100001
1.915 0.00100001
1.916 0.00100001
1.917 0.00100001
1.918 0.00100001
1.919 0.00100001
1.92 0.00100001
1.921 0.00100001
1.922 0.00100001
1.923 0.00100001
1.924 0.00100001
1.925 0.00100001
1.926 0.00100001
1.927 0.00100001
1.928 0.00100001
1.929 0.00100001
1.93 0.00100001
1.931 0.00100001
1.932 0.00100001
1.933 0.00100001
1.934 0.00100001
1.935 0.00100001
1.936 0.00100001
1.937 0.00100001
1.938 0.00100001
1.939 0.00100001
1.94 0.00100001
1.941 0.00100001
1.942 0.00100001
1.943 0.00100001
1.944 0.00100001
1.945 0.00100001
1.946 0.00100001
1.947 0.00100001
1.948 0.00100001
1.949 0.00100001
1.95 0.00100001
1.951 0.00100001
1.952 0.00100001
1.953 0.00100001
1.954 0.00100001
1.955 0.00100001
1.956 0.00100001
1.957 0.00100001
1.958 0.00100001
1.959 0.00100001
1.96 0.00100001
1.961 0.00100001
1.962 0.00100001
1.963 0.00100001
1.964 0.00100001
1.965 0.00100001
1.966 0.00100001
1.967 0.00100001
1.968 0.00100001
1.969 0.00100001
1.97 0.00100001
1.971 0.00100001
1.972 0.00100001
1.973 0.00100001
1.974 0.00100001
1.975 0.00100001
1.976 0.00100001
1.977 0.00100001
1.978 0.00100001
1.979 0.00100001
1.98 0.00100001
1.981 0.00100001
1.982 0.00100001
1.983 0.00100001
1.984 0.00100001
1.985 0.00100001
1.986 0.00100001
1.987 0.00100001
1.988 0.00100001
1.989 0.00100001
1.99 0.00100001
1.991 0.00100001
1.992 0.00100001
1.993 0.00100001
1.994 0.00100001
1.995 0.00100001
1.996 0.00100001
1.997 0.00100001
1.998 0.00100001
1.999 0.00100001
2 0.00100001
2.001 0.00100001
2.002 0.00100001
2.003 0.00100001
2.004 0.00100001
2.005 0.00100001
2.006 0.00100001
2.007 0.00100001
2.008 0.00100001
2.009 0.00100001
2.01 0.00100001
2.011 0.00100001
2.012 0.00100001
2.013 0.00100001
2.014 0.00100001
2.015 0.00100001
2.016 0.00100001
2.017 0.00100001
2.018 0.00100001
2.019 0.00100001
2.02 0.00100001
2.021 0.00100001
2.022 0.00100001
2.023 0.00100001
2.024 0.00100001
2.025 0.00100001
2.026 0.00100001
2.027 0.00100001
2.028 0.00100001
2.029 0.00100001
2.03 0.00100001
2.031 0.00100001
2.032 0.00100001
2.033 0.00100001
2.034 0.00100001
2.035 0.00100001
2.036 0.00100001
2.037 0.00100001
2.038 0.00100001
2.039 0.00100001
2.04 0.00100001
2.041 0.00100001
2.042 0.00100001
2.043 0.00100001
2.044 0.00100001
2.045 0.00100001
2.046 0.00100001
2.047 0.00100001
2.048 0.00100001
2.049 0.00100001
2.05 0.00100001
2.051 0.00100001
2.052 0.00100001
2.053 0.00100001
2.054 0.00100001
2.055 0.00100001
2.056 0.00100001
2.057 0.00100001
2.058 0.00100001
2.059 0.00100001
2.06 0.00100001
2.061 0.00100001
2.062 0.00100001
2.063 0.00100001
2.064 0.00100001
2.065 0.00100001
2.066 0.00100001
2.067 0.00100001
2.068 0.00100001
2.069 0.00100001
2.07 0.00100001
2.071 0.00100001
2.072 0.00100001
2.073 0.00100001
2.074 0.00100001
2.075 0.00100001
2.076 0.00100001
2.077 0.00100001
2.078 0.00100001
2.079 0.00100001
2.08 0.00100001
2.081 0.00100001
2.082 0.00100001
2.083 0.00100001
2.084 0.00100001
2.085 0.00100001
2.086 0.00100001
2.087 0.00100001
2.088 0.00100001
2.089 0.00100001
2.09 0.00100001
2.091 0.00100001
2.092 0.00100001
2.093 0.00100001
2.094 0.00100001
2.095 0.00100001
2.096 0.00100001
2.097 0.00100001
2.098 0.00100001
2.099 0.00100001
2.1 0.00100001
2.101 0.00100001
2.102 0.00100001
2.103 0.00100001
2.104 0.00100001
2.105 0.00100001
2.106 0.00100001
2.107 0.00100001
2.108 0.00100001
2.109 0.00100001
2.11 0.00100001
2.111 0.00100001
2.112 0.00100001
2.113 0.00100001
2.114 0.00100001
2.115 0.00100001
2.116 0.00100001
2.117 0.00100001
2.118 0.00100001
2.119 0.00100001
2.12 0.00100001
2.121 0.00100001
2.122 0.00100001
2.123 0.00100001
2.124 0.00100001
2.125 0.00100001
2.126 0.00100001
2.127 0.00100001
2.128 0.00100001
2.129 0.00100001
2.13 0.00100001
2.131 0.00100001
2.132 0.00100001
2.133 0.00100001
2.134 0.00100001
2.135 0.00100001
2.136 0.00100001
2.137 0.00100001
2.138 0.00100001
2.139 0.00100001
2.14 0.00100001
2.141 0.00100001
2.142 0.00100001
2.143 0.00100001
2.144 0.00100001
2.145 0.00100001
2.146 0.00100001
2.147 0.00100001
2.148 0.00100001
2.149 0.00100001
2.15 0.00100001
2.151 0.00100001
2.152 0.00100001
2.153 0.00100001
2.154 0.00100001
2.155 0.00100001
2.156 0.00100001
2.157 0.00100001
2.158 0.00100001
2.159 0.00100001
2.16 0.00100001
2.161 0.00100001
2.162 0.00100001
2.163 0.00100001
2.164 0.00100001
2.165 0.00100001
2.166 0.00100001
2.167 0.00100001
2.168 0.00100001
2.169 0.00100001
2.17 0.00100001
2.171 0.00100001
2.172 0.00100001
2.173 0.00100001
2.174 0.00100001
2.175 0.00100001
2.176 0.00100001
2.177 0.00100001
2.178 0.00100001
2.179 0.00100001
2.18 0.00100001
2.181 0.00100001
2.182 0.00100001
2.183 0.00100001
2.184 0.00100001
2.185 0.00100001
2.186 0.00100001
2.187 0.00100001
2.188 0.00100001
2.189 0.00100001
2.19 0.00100001
2.191 0.00100001
2.192 0.00100001
2.193 0.00100001
2.194 0.00100001
2.195 0.00100001
2.196 0.00100001
2.197 0.00100001
2.198 0.00100001
2.199 0.00100001
2.2 0.00100001
2.201 0.00100001
2.202 0.00100001
2.203 0.00100001
2.204 0.00100001
2.205 0.00100001
2.206 0.00100001
2.207 0.00100001
2.208 0.00100001
2.209 0.00100001
2.21 0.00100001
2.211 0.00100001
2.212 0.00100001
2.213 0.00100001
2.214 0.00100001
2.215 0.00100001
2.216 0.00100001
2.217 0.00100001
2.218 0.00100001
2.219 0.00100001
2.22 0.00100001
2.221 0.00100001
2.222 0.00100001
2.223 0.00100001
2.224 0.00100001
2.225 0.00100001
2.226 0.00100001
2.227 0.00100001
2.228 0.00100001
2.229 0.00100001
2.23 0.00100001
2.231 0.00100001
2.232 0.00100001
2.233 0.00100001
2.234 0.00100001
2.235 0.00100001
2.236 0.00100001
2.237 0.00100001
2.238 0.00100001
2.239 0.00100001
2.24 0.00100001
2.241 0.00100001
2.242 0.00100001
2.243 0.00100001
2.244 0.00100001
2.245 0.00100001
2.246 0.00100001
2.247 0.00100001
2.248 0.00100001
2.249 0.00100001
2.25 0.00100001
2.251 0.00100001
2.252 0.00100001
2.253 0.00100001
2.254 0.00100001
2.255 0.00100001
2.256 0.00100001
2.257 0.00100001
2.258 0.00100001
2.259 0.00100001
2.26 0.00100001
2.261 0.00100001
2.262 0.00100001
2.263 0.00100001
2.264 0.00100001
2.265 0.00100001
2.266 0.00100001
2.267 0.00100001
2.268 0.00100001
2.269 0.00100001
2.27 0.00100001
2.271 0.00100001
2.272 0.00100001
2.273 0.00100001
2.274 0.00100001
2.275 0.00100001
2.276 0.00100001
2.277 0.00100001
2.278 0.00100001
2.279 0.00100001
2.28 0.00100001
2.281 0.00100001
2.282 0.00100001
2.283 0.00100001
2.284 0.00100001
2.285 0.00100001
2.286 0.00100001
2.287 0.00100001
2.288 0.00100001
2.289 0.00100001
2.29 0.00100001
2.291 0.00100001
2.292 0.00100001
2.293 0.00100001
2.294 0.00100001
2.295 0.00100001
2.296 0.00100001
2.297 0.00100001
2.298 0.00100001
2.299 0.00100001
2.3 0.00100001
2.301 0.00100001
2.302 0.00100001
2.303 0.00100001
2.304 0.00100001
2.305 0.00100001
2.306 0.00100001
2.307 0.00100001
2.308 0.00100001
2.309 0.00100001
2.31 0.00100001
2.311 0.00100001
2.312 0.00100001
2.313 0.00100001
2.314 0.00100001
2.315 0.00100001
2.316 0.00100001
2.317 0.00100001
2.318 0.00100001
2.319 0.00100001
2.32 0.00100001
2.321 0.00100001
2.322 0.00100001
2.323 0.00100001
2.324 0.00100001
2.325 0.00100001
2.326 0.00100001
2.327 0.00100001
2.328 0.00100001
2.329 0.00100001
2.33 0.00100001
2.331 0.00100001
2.332 0.00100001
2.333 0.00100001
2.334 0.00100001
2.335 0.00100001
2.336 0.00100001
2.337 0.00100001
2.338 0.00100001
2.339 0.00100001
2.34 0.00100001
2.341 0.00100001
2.342 0.00100001
2.343 0.00100001
2.344 0.00100001
2.345 0.00100001
2.346 0.00100001
2.347 0.00100001
2.348 0.00100001
2.349 0.00100001
2.35 0.00100001
2.351 0.00100001
2.352 0.00100001
2.353 0.00100001
2.354 0.00100001
2.355 0.00100001
2.356 0.00100001
2.357 0.00100001
2.358 0.00100001
2.359 0.00100001
2.36 0.00100001
2.361 0.00100001
2.362 0.00100001
2.363 0.00100001
2.364 0.00100001
2.365 0.00100001
2.366 0.00100001
2.367 0.00100001
2.368 0.00100001
2.369 0.00100001
2.37 0.00100001
2.371 0.00100001
2.372 0.00100001
2.373 0.00100001
2.374 0.00100001
2.375 0.00100001
2.376 0.00100001
2.377 0.00100001
2.378 0.00100001
2.379 0.00100001
2.38 0.00100001
2.381 0.00100001
2.382 0.00100001
2.383 0.00100001
2.384 0.00100001
2.385 0.00100001
2.386 0.00100001
2.387 0.00100001
2.388 0.00100001
2.389 0.00100001
2.39 0.00100001
2.391 0.00100001
2.392 0.00100001
2.393 0.00100001
2.394 0.00100001
2.395 0.00100001
2.396 0.00100001
2.397 0.00100001
2.398 0.00100001
2.399 0.00100001
2.4 0.00100001
2.401 0.00100001
2.402 0.00100001
2.403 0.00100001
2.404 0.00100001
2.405 0.00100001
2.406 0.00100001
2.407 0.00100001
2.408 0.00100001
2.409 0.00100001
2.41 0.00100001
2.411 0.00100001
2.412 0.00100001
2.413 0.00100001
2.414 0.00100001
2.415 0.00100001
2.416 0.00100001
2.417 0.00100001
2.418 0.00100001
2.419 0.00100001
2.42 0.00100001
2.421 0.00100001
2.422 0.00100001
2.423 0.00100001
2.424 0.00100001
2.425 0.00100001
2.426 0.00100001
2.427 0.00100001
2.428 0.00100001
2.429 0.00100001
2.43 0.00100001
2.431 0.00100001
2.432 0.00100001
2.433 0.00100001
2.434 0.00100001
2.435 0.00100001
2.436 0.00100001
2.437 0.00100001
2.438 0.00100001
2.439 0.00100001
2.44 0.00100001
2.441 0.00100001
2.442 0.00100001
2.443 0.00100001
2.444 0.00100001
2.445 0.00100001
2.446 0.00100001
2.447 0.00100001
2.448 0.00100001
2.449 0.00100001
2.45 0.00100001
2.451 0.00100001
2.452 0.00100001
2.453 0.00100001
2.454 0.00100001
2.455 0.00100001
2.456 0.00100001
2.457 0.00100001
2.458 0.00100001
2.459 0.00100001
2.46 0.00100001
2.461 0.00100001
2.462 0.00100001
2.463 0.00100001
2.464 0.00100001
2.465 0.00100001
2.466 0.00100001
2.467 0.00100001
2.468 0.00100001
2.469 0.00100001
2.47 0.00100001
2.471 0.00100001
2.472 0.00100001
2.473 0.00100001
2.474 0.00100001
2.475 0.00100001
2.476 0.00100001
2.477 0.00100001
2.478 0.00100001
2.479 0.00100001
2.48 0.00100001
2.481 0.00100001
2.482 0.00100001
2.483 0.00100001
2.484 0.00100001
2.485 0.00100001
2.486 0.00100001
2.487 0.00100001
2.488 0.00100001
2.489 0.00100001
2.49 0.00100001
2.491 0.00100001
2.492 0.00100001
2.493 0.00100001
2.494 0.00100001
2.495 0.00100001
2.496 0.00100001
2.497 0.00100001
2.498 0.00100001
2.499 0.00100001
2.5 0.00100001
2.501 0.00100001
2.502 0.00100001
2.503 0.00100001
2.504 0.00100001
2.505 0.00100001
2.506 0.00100001
2.507 0.00100001
2.508 0.00100001
2.509 0.00100001
2.51 0.00100001
2.511 0.00100001
2.512 0.00100001
2.513 0.00100001
2.514 0.00100001
2.515 0.00100001
2.516 0.00100001
2.517 0.00100001
2.518 0.00100001
2.519 0.00100001
2.52 0.00100001
2.521 0.00100001
2.522 0.00100001
2.523 0.00100001
2.524 0.00100001
2.525 0.00100001
2.526 0.00100001
2.527 0.00100001
2.528 0.00100001
2.529 0.00100001
2.53 0.00100001
2.531 0.00100001
2.532 0.00100001
2.533 0.00100001
2.534 0.00100001
2.535 0.00100001
2.536 0.00100001
2.537 0.00100001
2.538 0.00100001
2.539 0.00100001
2.54 0.00100001
2.541 0.00100001
2.542 0.00100001
2.543 0.00100001
2.544 0.00100001
2.545 0.00100001
2.546 0.00100001
2.547 0.00100001
2.548 0.00100001
2.549 0.00100001
2.55 0.00100001
2.551 0.00100001
2.552 0.00100001
2.553 0.00100001
2.554 0.00100001
2.555 0.00100001
2.556 0.00100001
2.557 0.00100001
2.558 0.00100001
2.559 0.00100001
2.56 0.00100001
2.561 0.00100001
2.562 0.00100001
2.563 0.00100001
2.564 0.00100001
2.565 0.00100001
2.566 0.00100001
2.567 0.00100001
2.568 0.00100001
2.569 0.00100001
2.57 0.00100001
2.571 0.00100001
2.572 0.00100001
2.573 0.00100001
2.574 0.00100001
2.575 0.00100001
2.576 0.00100001
2.577 0.00100001
2.578 0.00100001
2.579 0.00100001
2.58 0.00100001
2.581 0.00100001
2.582 0.00100001
2.583 0.00100001
2.584 0.00100001
2.585 0.00100001
2.586 0.00100001
2.587 0.00100001
2.588 0.00100001
2.589 0.00100001
2.59 0.00100001
2.591 0.00100001
2.592 0.00100001
2.593 0.00100001
2.594 0.00100001
2.595 0.00100001
2.596 0.00100001
2.597 0.00100001
2.598 0.00100001
2.599 0.00100001
2.6 0.00100001
2.601 0.00100001
2.602 0.00100001
2.603 0.00100001
2.604 0.00100001
2.605 0.00100001
2.606 0.00100001
2.607 0.00100001
2.608 0.00100001
2.609 0.00100001
2.61 0.00100001
2.611 0.00100001
2.612 0.00100001
2.613 0.00100001
2.614 0.00100001
2.615 0.00100001
2.616 0.00100001
2.617 0.00100001
2.618 0.00100001
2.619 0.00100001
2.62 0.00100001
2.621 0.00100001
2.622 0.00100001
2.623 0.00100001
2.624 0.00100001
2.625 0.00100001
2.626 0.00100001
2.627 0.00100001
2.628 0.00100001
2.629 0.00100001
2.63 0.00100001
2.631 0.00100001
2.632 0.00100001
2.633 0.00100001
2.634 0.00100001
2.635 0.00100001
2.636 0.00100001
2.637 0.00100001
2.638 0.00100001
2.639 0.00100001
2.64 0.00100001
2.641 0.00100001
2.642 0.00100001
2.643 0.00100001
2.644 0.00100001
2.645 0.00100001
2.646 0.00100001
2.647 0.00100001
2.648 0.00100001
2.649 0.00100001
2.65 0.00100001
2.651 0.00100001
2.652 0.00100001
2.653 0.00100001
2.654 0.00100001
2.655 0.00100001
2.656 0.00100001
2.657 0.00100001
2.658 0.00100001
2.659 0.00100001
2.66 0.00100001
2.661 0.00100001
2.662 0.00100001
2.663 0.00100001
2.664 0.00100001
2.665 0.00100001
2.666 0.00100001
2.667 0.00100001
2.668 0.00100001
2.669 0.00100001
2.67 0.00100001
2.671 0.00100001
2.672 0.00100001
2.673 0.00100001
2.674 0.00100001
2.675 0.00100001
2.676 0.00100001
2.677 0.00100001
2.678 0.00100001
2.679 0.00100001
2.68 0.00100001
2.681 0.00100001
2.682 0.00100001
2.683 0.00100001
2.684 0.00100001
2.685 0.00100001
2.686 0.00100001
2.687 0.00100001
2.688 0.00100001
2.689 0.00100001
2.69 0.00100001
2.691 0.00100001
2.692 0.00100001
2.693 0.00100001
2.694 0.00100001
2.695 0.00100001
2.696 0.00100001
2.697 0.00100001
2.698 0.00100001
2.699 0.00100001
2.7 0.00100001
2.701 0.00100001
2.702 0.00100001
2.703 0.00100001
2.704 0.00100001
2.705 0.00100001
2.706 0.00100001
2.707 0.00100001
2.708 0.00100001
2.709 0.00100001
2.71 0.00100001
2.711 0.00100001
2.712 0.00100001
2.713 0.00100001
2.714 0.00100001
2.715 0.00100001
2.716 0.00100001
2.717 0.00100001
2.718 0.00100001
2.719 0.00100001
2.72 0.00100001
2.721 0.00100001
2.722 0.00100001
2.723 0.00100001
2.724 0.00100001
2.725 0.00100001
2.726 0.00100001
2.727 0.00100001
2.728 0.00100001
2.729 0.00100001
2.73 0.00100001
2.731 0.00100001
2.732 0.00100001
2.733 0.00100001
2.734 0.00100001
2.735 0.00100001
2.736 0.00100001
2.737 0.00100001
2.738 0.00100001
2.739 0.00100001
2.74 0.00100001
2.741 0.00100001
2.742 0.00100001
2.743 0.00100001
2.744 0.00100001
2.745 0.00100001
2.746 0.00100001
2.747 0.00100001
2.748 0.00100001
2.749 0.00100001
2.75 0.00100001
2.751 0.00100001
2.752 0.00100001
2.753 0.00100001
2.754 0.00100001
2.755 0.00100001
2.756 0.00100001
2.757 0.00100001
2.758 0.00100001
2.759 0.00100001
2.76 0.00100001
2.761 0.00100001
2.762 0.00100001
2.763 0.00100001
2.764 0.00100001
2.765 0.00100001
2.766 0.00100001
2.767 0.00100001
2.768 0.00100001
2.769 0.00100001
2.77 0.00100001
2.771 0.00100001
2.772 0.00100001
2.773 0.00100001
2.774 0.00100001
2.775 0.00100001
2.776 0.00100001
2.777 0.00100001
2.778 0.00100001
2.779 0.00100001
2.78 0.00100001
2.781 0.00100001
2.782 0.00100001
2.783 0.00100001
2.784 0.00100001
2.785 0.00100001
2.786 0.00100001
2.787 0.00100001
2.788 0.00100001
2.789 0.00100001
2.79 0.00100001
2.791 0.00100001
2.792 0.00100001
2.793 0.00100001
2.794 0.00100001
2.795 0.00100001
2.796 0.00100001
2.797 0.00100001
2.798 0.00100001
2.799 0.00100001
2.8 0.00100001
2.801 0.00100001
2.802 0.00100001
2.803 0.00100001
2.804 0.00100001
2.805 0.00100001
2.806 0.00100001
2.807 0.00100001
2.808 0.00100001
2.809 0.00100001
2.81 0.00100001
2.811 0.00100001
2.812 0.00100001
2.813 0.00100001
2.814 0.00100001
2.815 0.00100001
2.816 0.00100001
2.817 0.00100001
2.818 0.00100001
2.819 0.00100001
2.82 0.00100001
2.821 0.00100001
2.822 0.00100001
2.823 0.00100001
2.824 0.00100001
2.825 0.00100001
2.826 0.00100001
2.827 0.00100001
2.828 0.00100001
2.829 0.00100001
2.83 0.00100001
2.831 0.00100001
2.832 0.00100001
2.833 0.00100001
2.834 0.00100001
2.835 0.00100001
2.836 0.00100001
2.837 0.00100001
2.838 0.00100001
2.839 0.00100001
2.84 0.00100001
2.841 0.00100001
2.842 0.00100001
2.843 0.00100001
2.844 0.00100001
2.845 0.00100001
2.846 0.00100001
2.847 0.00100001
2.848 0.00100001
2.849 0.00100001
2.85 0.00100001
2.851 0.00100001
2.852 0.00100001
2.853 0.00100001
2.854 0.00100001
2.855 0.00100001
2.856 0.00100001
2.857 0.00100001
2.858 0.00100001
2.859 0.00100001
2.86 0.00100001
2.861 0.00100001
2.862 0.00100001
2.863 0.00100001
2.864 0.00100001
2.865 0.00100001
2.866 0.00100001
2.867 0.00100001
2.868 0.00100001
2.869 0.00100001
2.87 0.00100001
2.871 0.00100001
2.872 0.00100001
2.873 0.00100001
2.874 0.00100001
2.875 0.00100001
2.876 0.00100001
2.877 0.00100001
2.878 0.00100001
2.879 0.00100001
2.88 0.00100001
2.881 0.00100001
2.882 0.00100001
2.883 0.00100001
2.884 0.00100001
2.885 0.00100001
2.886 0.00100001
2.887 0.00100001
2.888 0.00100001
2.889 0.00100001
2.89 0.00100001
2.891 0.00100001
2.892 0.00100001
2.893 0.00100001
2.894 0.00100001
2.895 0.00100001
2.896 0.00100001
2.897 0.00100001
2.898 0.00100001
2.899 0.00100001
2.9 0.00100001
2.901 0.00100001
2.902 0.00100001
2.903 0.00100001
2.904 0.00100001
2.905 0.00100001
2.906 0.00100001
2.907 0.00100001
2.908 0.00100001
2.909 0.00100001
2.91 0.00100001
2.911 0.00100001
2.912 0.00100001
2.913 0.00100001
2.914 0.00100001
2.915 0.00100001
2.916 0.00100001
2.917 0.00100001
2.918 0.00100001
2.919 0.00100001
2.92 0.00100001
2.921 0.00100001
2.922 0.00100001
2.923 0.00100001
2.924 0.00100001
2.925 0.00100001
2.926 0.00100001
2.927 0.00100001
2.928 0.00100001
2.929 0.00100001
2.93 0.00100001
2.931 0.00100001
2.932 0.00100001
2.933 0.00100001
2.934 0.00100001
2.935 0.00100001
2.936 0.00100001
2.937 0.00100001
2.938 0.00100001
2.939 0.00100001
2.94 0.00100001
2.941 0.00100001
2.942 0.00100001
2.943 0.00100001
2.944 0.00100001
2.945 0.00100001
2.946 0.00100001
2.947 0.00100001
2.948 0.00100001
2.949 0.00100001
2.95 0.00100001
2.951 0.00100001
2.952 0.00100001
2.953 0.00100001
2.954 0.00100001
2.955 0.00100001
2.956 0.00100001
2.957 0.00100001
2.958 0.00100001
2.959 0.00100001
2.96 0.00100001
2.961 0.00100001
2.962 0.00100001
2.963 0.00100001
2.964 0.00100001
2.965 0.00100001
2.966 0.00100001
2.967 0.00100001
2.968 0.00100001
2.969 0.00100001
2.97 0.00100001
2.971 0.00100001
2.972 0.00100001
2.973 0.00100001
2.974 0.00100001
2.975 0.00100001
2.976 0.00100001
2.977 0.00100001
2.978 0.00100001
2.979 0.00100001
2.98 0.00100001
2.981 0.00100001
2.982 0.00100001
2.983 0.00100001
2.984 0.00100001
2.985 0.00100001
2.986 0.00100001
2.987 0.00100001
2.988 0.00100001
2.989 0.00100001
2.99 0.00100001
2.991 0.00100001
2.992 0.00100001
2.993 0.00100001
2.994 0.00100001
2.995 0.00100001
2.996 0.00100001
2.997 0.00100001
2.998 0.00100001
2.999 0.00100001
3 0.00100001
3.001 0.00100001
3.002 0.00100001
3.003 0.00100001
3.004 0.00100001
3.005 0.00100001
3.006 0.00100001
3.007 0.00100001
3.008 0.00100001
3.009 0.00100001
3.01 0.00100001
3.011 0.00100001
3.012 0.00100001
3.013 0.00100001
3.014 0.00100001
3.015 0.00100001
3.016 0.00100001
3.017 0.00100001
3.018 0.00100001
3.019 0.00100001
3.02 0.00100001
3.021 0.00100001
3.022 0.00100001
3.023 0.00100001
3.024 0.00100001
3.025 0.00100001
3.026 0.00100001
3.027 0.00100001
3.028 0.00100001
3.029 0.00100001
3.03 0.00100001
3.031 0.00100001
3.032 0.00100001
3.033 0.00100001
3.034 0.00100001
3.035 0.00100001
3.036 0.00100001
3.037 0.00100001
3.038 0.00100001
3.039 0.00100001
3.04 0.00100001
3.041 0.00100001
3.042 0.00100001
3.043 0.00100001
3.044 0.00100001
3.045 0.00100001
3.046 0.00100001
3.047 0.00100001
3.048 0.00100001
3.049 0.00100001
3.05 0.00100001
3.051 0.00100001
3.052 0.00100001
3.053 0.00100001
3.054 0.00100001
3.055 0.00100001
3.056 0.00100001
3.057 0.00100001
3.058 0.00100001
3.059 0.00100001
3.06 0.00100001
3.061 0.00100001
3.062 0.00100001
3.063 0.00100001
3.064 0.00100001
3.065 0.00100001
3.066 0.00100001
3.067 0.00100001
3.068 0.00100001
3.069 0.00100001
3.07 0.00100001
3.071 0.00100001
3.072 0.00100001
3.073 0.00100001
3.074 0.00100001
3.075 0.00100001
3.076 0.00100001
3.077 0.00100001
3.078 0.00100001
3.079 0.00100001
3.08 0.00100001
3.081 0.00100001
3.082 0.00100001
3.083 0.00100001
3.084 0.00100001
3.085 0.00100001
3.086 0.00100001
3.087 0.00100001
3.088 0.00100001
3.089 0.00100001
3.09 0.00100001
3.091 0.00100001
3.092 0.00100001
3.093 0.00100001
3.094 0.00100001
3.095 0.00100001
3.096 0.00100001
3.097 0.00100001
3.098 0.00100001
3.099 0.00100001
3.1 0.00100001
3.101 0.00100001
3.102 0.00100001
3.103 0.00100001
3.104 0.00100001
3.105 0.00100001
3.106 0.00100001
3.107 0.00100001
3.108 0.00100001
3.109 0.00100001
3.11 0.00100001
3.111 0.00100001
3.112 0.00100001
3.113 0.00100001
3.114 0.00100001
3.115 0.00100001
3.116 0.00100001
3.117 0.00100001
3.118 0.00100001
3.119 0.00100001
3.12 0.00100001
3.121 0.00100001
3.122 0.00100001
3.123 0.00100001
3.124 0.00100001
3.125 0.00100001
3.126 0.00100001
3.127 0.00100001
3.128 0.00100001
3.129 0.00100001
3.13 0.00100001
3.131 0.00100001
3.132 0.00100001
3.133 0.00100001
3.134 0.00100001
3.135 0.00100001
3.136 0.00100001
3.137 0.00100001
3.138 0.00100001
3.139 0.00100001
3.14 0.00100001
3.141 0.00100001
3.142 0.00100001
3.143 0.00100001
3.144 0.00100001
3.145 0.00100001
3.146 0.00100001
3.147 0.00100001
3.148 0.00100001
3.149 0.00100001
3.15 0.00100001
3.151 0.00100001
3.152 0.00100001
3.153 0.00100001
3.154 0.00100001
3.155 0.00100001
3.156 0.00100001
3.157 0.00100001
3.158 0.00100001
3.159 0.00100001
3.16 0.00100001
3.161 0.00100001
3.162 0.00100001
3.163 0.00100001
3.164 0.00100001
3.165 0.00100001
3.166 0.00100001
3.167 0.00100001
3.168 0.00100001
3.169 0.00100001
3.17 0.00100001
3.171 0.00100001
3.172 0.00100001
3.173 0.00100001
3.174 0.00100001
3.175 0.00100001
3.176 0.00100001
3.177 0.00100001
3.178 0.00100001
3.179 0.00100001
3.18 0.00100001
3.181 0.00100001
3.182 0.00100001
3.183 0.00100001
3.184 0.00100001
3.185 0.00100001
3.186 0.00100001
3.187 0.00100001
3.188 0.00100001
3.189 0.00100001
3.19 0.00100001
3.191 0.00100001
3.192 0.00100001
3.193 0.00100001
3.194 0.00100001
3.195 0.00100001
3.196 0.00100001
3.197 0.00100001
3.198 0.00100001
3.199 0.00100001
3.2 0.00100001
3.201 0.00100001
3.202 0.00100001
3.203 0.00100001
3.204 0.00100001
3.205 0.00100001
3.206 0.00100001
3.207 0.00100001
3.208 0.00100001
3.209 0.00100001
3.21 0.00100001
3.211 0.00100001
3.212 0.00100001
3.213 0.00100001
3.214 0.00100001
3.215 0.00100001
3.216 0.00100001
3.217 0.00100001
3.218 0.00100001
3.219 0.00100001
3.22 0.00100001
3.221 0.00100001
3.222 0.00100001
3.223 0.00100001
3.224 0.00100001
3.225 0.00100001
3.226 0.00100001
3.227 0.00100001
3.228 0.00100001
3.229 0.00100001
3.23 0.00100001
3.231 0.00100001
3.232 0.00100001
3.233 0.00100001
3.234 0.00100001
3.235 0.00100001
3.236 0.00100001
3.237 0.00100001
3.238 0.00100001
3.239 0.00100001
3.24 0.00100001
3.241 0.00100001
3.242 0.00100001
3.243 0.00100001
3.244 0.00100001
3.245 0.00100001
3.246 0.00100001
3.247 0.00100001
3.248 0.00100001
3.249 0.00100001
3.25 0.00100001
3.251 0.00100001
3.252 0.00100001
3.253 0.00100001
3.254 0.00100001
3.255 0.00100001
3.256 0.00100001
3.257 0.00100001
3.258 0.00100001
3.259 0.00100001
3.26 0.00100001
3.261 0.00100001
3.262 0.00100001
3.263 0.00100001
3.264 0.00100001
3.265 0.00100001
3.266 0.00100001
3.267 0.00100001
3.268 0.00100001
3.269 0.00100001
3.27 0.00100001
3.271 0.00100001
3.272 0.00100001
3.273 0.00100001
3.274 0.00100001
3.275 0.00100001
3.276 0.00100001
3.277 0.00100001
3.278 0.00100001
3.279 0.00100001
3.28 0.00100001
3.281 0.00100001
3.282 0.00100001
3.283 0.00100001
3.284 0.00100001
3.285 0.00100001
3.286 0.00100001
3.287 0.00100001
3.288 0.00100001
3.289 0.00100001
3.29 0.00100001
3.291 0.00100001
3.292 0.00100001
3.293 0.00100001
3.294 0.00100001
3.295 0.00100001
3.296 0.00100001
3.297 0.00100001
3.298 0.00100001
3.299 0.00100001
3.3 0.00100001
3.301 0.00100001
3.302 0.00100001
3.303 0.00100001
3.304 0.00100001
3.305 0.00100001
3.306 0.00100001
3.307 0.00100001
3.308 0.00100001
3.309 0.00100001
3.31 0.00100001
3.311 0.00100001
3.312 0.00100001
3.313 0.00100001
3.314 0.00100001
3.315 0.00100001
3.316 0.00100001
3.317 0.00100001
3.318 0.00100001
3.319 0.00100001
3.32 0.00100001
3.321 0.00100001
3.322 0.00100001
3.323 0.00100001
3.324 0.00100001
3.325 0.00100001
3.326 0.00100001
3.327 0.00100001
3.328 0.00100001
3.329 0.00100001
3.33 0.00100001
3.331 0.00100001
3.332 0.00100001
3.333 0.00100001
3.334 0.00100001
3.335 0.00100001
3.336 0.00100001
3.337 0.00100001
3.338 0.00100001
3.339 0.00100001
3.34 0.00100001
3.341 0.00100001
3.342 0.00100001
3.343 0.00100001
3.344 0.00100001
3.345 0.00100001
3.346 0.00100001
3.347 0.00100001
3.348 0.00100001
3.349 0.00100001
3.35 0.00100001
3.351 0.00100001
3.352 0.00100001
3.353 0.00100001
3.354 0.00100001
3.355 0.00100001
3.356 0.00100001
3.357 0.00100001
3.358 0.00100001
3.359 0.00100001
3.36 0.00100001
3.361 0.00100001
3.362 0.00100001
3.363 0.00100001
3.364 0.00100001
3.365 0.00100001
3.366 0.00100001
3.367 0.00100001
3.368 0.00100001
3.369 0.00100001
3.37 0.00100001
3.371 0.00100001
3.372 0.00100001
3.373 0.00100001
3.374 0.00100001
3.375 0.00100001
3.376 0.00100001
3.377 0.00100001
3.378 0.00100001
3.379 0.00100001
3.38 0.00100001
3.381 0.00100001
3.382 0.00100001
3.383 0.00100001
3.384 0.00100001
3.385 0.00100001
3.386 0.00100001
3.387 0.00100001
3.388 0.00100001
3.389 0.00100001
3.39 0.00100001
3.391 0.00100001
3.392 0.00100001
3.393 0.00100001
3.394 0.00100001
3.395 0.00100001
3.396 0.00100001
3.397 0.00100001
3.398 0.00100001
3.399 0.00100001
3.4 0.00100001
3.401 0.00100001
3.402 0.00100001
3.403 0.00100001
3.404 0.00100001
3.405 0.00100001
3.406 0.00100001
3.407 0.00100001
3.408 0.00100001
3.409 0.00100001
3.41 0.00100001
3.411 0.00100001
3.412 0.00100001
3.413 0.00100001
3.414 0.00100001
3.415 0.00100001
3.416 0.00100001
3.417 0.00100001
3.418 0.00100001
3.419 0.00100001
3.42 0.00100001
3.421 0.00100001
3.422 0.00100001
3.423 0.00100001
3.424 0.00100001
3.425 0.00100001
3.426 0.00100001
3.427 0.00100001
3.428 0.00100001
3.429 0.00100001
3.43 0.00100001
3.431 0.00100001
3.432 0.00100001
3.433 0.00100001
3.434 0.00100001
3.435 0.00100001
3.436 0.00100001
3.437 0.00100001
3.438 0.00100001
3.439 0.00100001
3.44 0.00100001
3.441 0.00100001
3.442 0.00100001
3.443 0.00100001
3.444 0.00100001
3.445 0.00100001
3.446 0.00100001
3.447 0.00100001
3.448 0.00100001
3.449 0.00100001
3.45 0.00100001
3.451 0.00100001
3.452 0.00100001
3.453 0.00100001
3.454 0.00100001
3.455 0.00100001
3.456 0.00100001
3.457 0.00100001
3.458 0.00100001
3.459 0.00100001
3.46 0.00100001
3.461 0.00100001
3.462 0.00100001
3.463 0.00100001
3.464 0.00100001
3.465 0.00100001
3.466 0.00100001
3.467 0.00100001
3.468 0.00100001
3.469 0.00100001
3.47 0.00100001
3.471 0.00100001
3.472 0.00100001
3.473 0.00100001
3.474 0.00100001
3.475 0.00100001
3.476 0.00100001
3.477 0.00100001
3.478 0.00100001
3.479 0.00100001
3.48 0.00100001
3.481 0.00100001
3.482 0.00100001
3.483 0.00100001
3.484 0.00100001
3.485 0.00100001
3.486 0.00100001
3.487 0.00100001
3.488 0.00100001
3.489 0.00100001
3.49 0.00100001
3.491 0.00100001
3.492 0.00100001
3.493 0.00100001
3.494 0.00100001
3.495 0.00100001
3.496 0.00100001
3.497 0.00100001
3.498 0.00100001
3.499 0.00100001
3.5 0.00100001
3.501 0.00100001
3.502 0.00100001
3.503 0.00100001
3.504 0.00100001
3.505 0.00100001
3.506 0.00100001
3.507 0.00100001
3.508 0.00100001
3.509 0.00100001
3.51 0.00100001
3.511 0.00100001
3.512 0.00100001
3.513 0.00100001
3.514 0.00100001
3.515 0.00100001
3.516 0.00100001
3.517 0.00100001
3.518 0.00100001
3.519 0.00100001
3.52 0.00100001
3.521 0.00100001
3.522 0.00100001
3.523 0.00100001
3.524 0.00100001
3.525 0.00100001
3.526 0.00100001
3.527 0.00100001
3.528 0.00100001
3.529 0.00100001
3.53 0.00100001
3.531 0.00100001
3.532 0.00100001
3.533 0.00100001
3.534 0.00100001
3.535 0.00100001
3.536 0.00100001
3.537 0.00100001
3.538 0.00100001
3.539 0.00100001
3.54 0.00100001
3.541 0.00100001
3.542 0.00100001
3.543 0.00100001
3.544 0.00100001
3.545 0.00100001
3.546 0.00100001
3.547 0.00100001
3.548 0.00100001
3.549 0.00100001
3.55 0.00100001
3.551 0.00100001
3.552 0.00100001
3.553 0.00100001
3.554 0.00100001
3.555 0.00100001
3.556 0.00100001
3.557 0.00100001
3.558 0.00100001
3.559 0.00100001
3.56 0.00100001
3.561 0.00100001
3.562 0.00100001
3.563 0.00100001
3.564 0.00100001
3.565 0.00100001
3.566 0.00100001
3.567 0.00100001
3.568 0.00100001
3.569 0.00100001
3.57 0.00100001
3.571 0.00100001
3.572 0.00100001
3.573 0.00100001
3.574 0.00100001
3.575 0.00100001
3.576 0.00100001
3.577 0.00100001
3.578 0.00100001
3.579 0.00100001
3.58 0.00100001
3.581 0.00100001
3.582 0.00100001
3.583 0.00100001
3.584 0.00100001
3.585 0.00100001
3.586 0.00100001
3.587 0.00100001
3.588 0.00100001
3.589 0.00100001
3.59 0.00100001
3.591 0.00100001
3.592 0.00100001
3.593 0.00100001
3.594 0.00100001
3.595 0.00100001
3.596 0.00100001
3.597 0.00100001
3.598 0.00100001
3.599 0.00100001
3.6 0.00100001
3.601 0.00100001
3.602 0.00100001
3.603 0.00100001
3.604 0.00100001
3.605 0.00100001
3.606 0.00100001
3.607 0.00100001
3.608 0.00100001
3.609 0.00100001
3.61 0.00100001
3.611 0.00100001
3.612 0.00100001
3.613 0.00100001
3.614 0.00100001
3.615 0.00100001
3.616 0.00100001
3.617 0.00100001
3.618 0.00100001
3.619 0.00100001
3.62 0.00100001
3.621 0.00100001
3.622 0.00100001
3.623 0.00100001
3.624 0.00100001
3.625 0.00100001
3.626 0.00100001
3.627 0.00100001
3.628 0.00100001
3.629 0.00100001
3.63 0.00100001
3.631 0.00100001
3.632 0.00100001
3.633 0.00100001
3.634 0.00100001
3.635 0.00100001
3.636 0.00100001
3.637 0.00100001
3.638 0.00100001
3.639 0.00100001
3.64 0.00100001
3.641 0.00100001
3.642 0.00100001
3.643 0.00100001
3.644 0.00100001
3.645 0.00100001
3.646 0.00100001
3.647 0.00100001
3.648 0.00100001
3.649 0.00100001
3.65 0.00100001
3.651 0.00100001
3.652 0.00100001
3.653 0.00100001
3.654 0.00100001
3.655 0.00100001
3.656 0.00100001
3.657 0.00100001
3.658 0.00100001
3.659 0.00100001
3.66 0.00100001
3.661 0.00100001
3.662 0.00100001
3.663 0.00100001
3.664 0.00100001
3.665 0.00100001
3.666 0.00100001
3.667 0.00100001
3.668 0.00100001
3.669 0.00100001
3.67 0.00100001
3.671 0.00100001
3.672 0.00100001
3.673 0.00100001
3.674 0.00100001
3.675 0.00100001
3.676 0.00100001
3.677 0.00100001
3.678 0.00100001
3.679 0.00100001
3.68 0.00100001
3.681 0.00100001
3.682 0.00100001
3.683 0.00100001
3.684 0.00100001
3.685 0.00100001
3.686 0.00100001
3.687 0.00100001
3.688 0.00100001
3.689 0.00100001
3.69 0.00100001
3.691 0.00100001
3.692 0.00100001
3.693 0.00100001
3.694 0.00100001
3.695 0.00100001
3.696 0.00100001
3.697 0.00100001
3.698 0.00100001
3.699 0.00100001
3.7 0.00100001
3.701 0.00100001
3.702 0.00100001
3.703 0.00100001
3.704 0.00100001
3.705 0.00100001
3.706 0.00100001
3.707 0.00100001
3.708 0.00100001
3.709 0.00100001
3.71 0.00100001
3.711 0.00100001
3.712 0.00100001
3.713 0.00100001
3.714 0.00100001
3.715 0.00100001
3.716 0.00100001
3.717 0.00100001
3.718 0.00100001
3.719 0.00100001
3.72 0.00100001
3.721 0.00100001
3.722 0.00100001
3.723 0.00100001
3.724 0.00100001
3.725 0.00100001
3.726 0.00100001
3.727 0.00100001
3.728 0.00100001
3.729 0.00100001
3.73 0.00100001
3.731 0.00100001
3.732 0.00100001
3.733 0.00100001
3.734 0.00100001
3.735 0.00100001
3.736 0.00100001
3.737 0.00100001
3.738 0.00100001
3.739 0.00100001
3.74 0.00100001
3.741 0.00100001
3.742 0.00100001
3.743 0.00100001
3.744 0.00100001
3.745 0.00100001
3.746 0.00100001
3.747 0.00100001
3.748 0.00100001
3.749 0.00100001
3.75 0.00100001
3.751 0.00100001
3.752 0.00100001
3.753 0.00100001
3.754 0.00100001
3.755 0.00100001
3.756 0.00100001
3.757 0.00100001
3.758 0.00100001
3.759 0.00100001
3.76 0.00100001
3.761 0.00100001
3.762 0.00100001
3.763 0.00100001
3.764 0.00100001
3.765 0.00100001
3.766 0.00100001
3.767 0.00100001
3.768 0.00100001
3.769 0.00100001
3.77 0.00100001
3.771 0.00100001
3.772 0.00100001
3.773 0.00100001
3.774 0.00100001
3.775 0.00100001
3.776 0.00100001
3.777 0.00100001
3.778 0.00100001
3.779 0.00100001
3.78 0.00100001
3.781 0.00100001
3.782 0.00100001
3.783 0.00100001
3.784 0.00100001
3.785 0.00100001
3.786 0.00100001
3.787 0.00100001
3.788 0.00100001
3.789 0.00100001
3.79 0.00100001
3.791 0.00100001
3.792 0.00100001
3.793 0.00100001
3.794 0.00100001
3.795 0.00100001
3.796 0.00100001
3.797 0.00100001
3.798 0.00100001
3.799 0.00100001
3.8 0.00100001
3.801 0.00100001
3.802 0.00100001
3.803 0.00100001
3.804 0.00100001
3.805 0.00100001
3.806 0.00100001
3.807 0.00100001
3.808 0.00100001
3.809 0.00100001
3.81 0.00100001
3.811 0.00100001
3.812 0.00100001
3.813 0.00100001
3.814 0.00100001
3.815 0.00100001
3.816 0.00100001
3.817 0.00100001
3.818 0.00100001
3.819 0.00100001
3.82 0.00100001
3.821 0.00100001
3.822 0.00100001
3.823 0.00100001
3.824 0.00100001
3.825 0.00100001
3.826 0.00100001
3.827 0.00100001
3.828 0.00100001
3.829 0.00100001
3.83 0.00100001
3.831 0.00100001
3.832 0.00100001
3.833 0.00100001
3.834 0.00100001
3.835 0.00100001
3.836 0.00100001
3.837 0.00100001
3.838 0.00100001
3.839 0.00100001
3.84 0.00100001
3.841 0.00100001
3.842 0.00100001
3.843 0.00100001
3.844 0.00100001
3.845 0.00100001
3.846 0.00100001
3.847 0.00100001
3.848 0.00100001
3.849 0.00100001
3.85 0.00100001
3.851 0.00100001
3.852 0.00100001
3.853 0.00100001
3.854 0.00100001
3.855 0.00100001
3.856 0.00100001
3.857 0.00100001
3.858 0.00100001
3.859 0.00100001
3.86 0.00100001
3.861 0.00100001
3.862 0.00100001
3.863 0.00100001
3.864 0.00100001
3.865 0.00100001
3.866 0.00100001
3.867 0.00100001
3.868 0.00100001
3.869 0.00100001
3.87 0.00100001
3.871 0.00100001
3.872 0.00100001
3.873 0.00100001
3.874 0.00100001
3.875 0.00100001
3.876 0.00100001
3.877 0.00100001
3.878 0.00100001
3.879 0.00100001
3.88 0.00100001
3.881 0.00100001
3.882 0.00100001
3.883 0.00100001
3.884 0.00100001
3.885 0.00100001
3.886 0.00100001
3.887 0.00100001
3.888 0.00100001
3.889 0.00100001
3.89 0.00100001
3.891 0.00100001
3.892 0.00100001
3.893 0.00100001
3.894 0.00100001
3.895 0.00100001
3.896 0.00100001
3.897 0.00100001
3.898 0.00100001
3.899 0.00100001
3.9 0.00100001
3.901 0.00100001
3.902 0.00100001
3.903 0.00100001
3.904 0.00100001
3.905 0.00100001
3.906 0.00100001
3.907 0.00100001
3.908 0.00100001
3.909 0.00100001
3.91 0.00100001
3.911 0.00100001
3.912 0.00100001
3.913 0.00100001
3.914 0.00100001
3.915 0.00100001
3.916 0.00100001
3.917 0.00100001
3.918 0.00100001
3.919 0.00100001
3.92 0.00100001
3.921 0.00100001
3.922 0.00100001
3.923 0.00100001
3.924 0.00100001
3.925 0.00100001
3.926 0.00100001
3.927 0.00100001
3.928 0.00100001
3.929 0.00100001
3.93 0.00100001
3.931 0.00100001
3.932 0.00100001
3.933 0.00100001
3.934 0.00100001
3.935 0.00100001
3.936 0.00100001
3.937 0.00100001
3.938 0.00100001
3.939 0.00100001
3.94 0.00100001
3.941 0.00100001
3.942 0.00100001
3.943 0.00100001
3.944 0.00100001
3.945 0.00100001
3.946 0.00100001
3.947 0.00100001
3.948 0.00100001
3.949 0.00100001
3.95 0.00100001
3.951 0.00100001
3.952 0.00100001
3.953 0.00100001
3.954 0.00100001
3.955 0.00100001
3.956 0.00100001
3.957 0.00100001
3.958 0.00100001
3.959 0.00100001
3.96 0.00100001
3.961 0.00100001
3.962 0.00100001
3.963 0.00100001
3.964 0.00100001
3.965 0.00100001
3.966 0.00100001
3.967 0.00100001
3.968 0.00100001
3.969 0.00100001
3.97 0.00100001
3.971 0.00100001
3.972 0.00100001
3.973 0.00100001
3.974 0.00100001
3.975 0.00100001
3.976 0.00100001
3.977 0.00100001
3.978 0.00100001
3.979 0.00100001
3.98 0.00100001
3.981 0.00100001
3.982 0.00100001
3.983 0.00100001
3.984 0.00100001
3.985 0.00100001
3.986 0.00100001
3.987 0.00100001
3.988 0.00100001
3.989 0.00100001
3.99 0.00100001
3.991 0.00100001
3.992 0.00100001
3.993 0.00100001
3.994 0.00100001
3.995 0.00100001
3.996 0.00100001
3.997 0.00100001
3.998 0.00100001
3.999 0.00100001
4 0.00100001
4.001 0.00100001
4.002 0.00100001
4.003 0.00100001
4.004 0.00100001
4.005 0.00100001
4.006 0.00100001
4.007 0.00100001
4.008 0.00100001
4.009 0.00100001
4.01 0.00100001
4.011 0.00100001
4.012 0.00100001
4.013 0.00100001
4.014 0.00100001
4.015 0.00100001
4.016 0.00100001
4.017 0.00100001
4.018 0.00100001
4.019 0.00100001
4.02 0.00100001
4.021 0.00100001
4.022 0.00100001
4.023 0.00100001
4.024 0.00100001
4.025 0.00100001
4.026 0.00100001
4.027 0.00100001
4.028 0.00100001
4.029 0.00100001
4.03 0.00100001
4.031 0.00100001
4.032 0.00100001
4.033 0.00100001
4.034 0.00100001
4.035 0.00100001
4.036 0.00100001
4.037 0.00100001
4.038 0.00100001
4.039 0.00100001
4.04 0.00100001
4.041 0.00100001
4.042 0.00100001
4.043 0.00100001
4.044 0.00100001
4.045 0.00100001
4.046 0.00100001
4.047 0.00100001
4.048 0.00100001
4.049 0.00100001
4.05 0.00100001
4.051 0.00100001
4.052 0.00100001
4.053 0.00100001
4.054 0.00100001
4.055 0.00100001
4.056 0.00100001
4.057 0.00100001
4.058 0.00100001
4.059 0.00100001
4.06 0.00100001
4.061 0.00100001
4.062 0.00100001
4.063 0.00100001
4.064 0.00100001
4.065 0.00100001
4.066 0.00100001
4.067 0.00100001
4.068 0.00100001
4.069 0.00100001
4.07 0.00100001
4.071 0.00100001
4.072 0.00100001
4.073 0.00100001
4.074 0.00100001
4.075 0.00100001
4.076 0.00100001
4.077 0.00100001
4.078 0.00100001
4.079 0.00100001
4.08 0.00100001
4.081 0.00100001
4.082 0.00100001
4.083 0.00100001
4.084 0.00100001
4.085 0.00100001
4.086 0.00100001
4.087 0.00100001
4.088 0.00100001
4.089 0.00100001
4.09 0.00100001
4.091 0.00100001
4.092 0.00100001
4.093 0.00100001
4.094 0.00100001
4.095 0.00100001
4.096 0.00100001
4.097 0.00100001
4.098 0.00100001
4.099 0.00100001
4.1 0.00100001
4.101 0.00100001
4.102 0.00100001
4.103 0.00100001
4.104 0.00100001
4.105 0.00100001
4.106 0.00100001
4.107 0.00100001
4.108 0.00100001
4.109 0.00100001
4.11 0.00100001
4.111 0.00100001
4.112 0.00100001
4.113 0.00100001
4.114 0.00100001
4.115 0.00100001
4.116 0.00100001
4.117 0.00100001
4.118 0.00100001
4.119 0.00100001
4.12 0.00100001
4.121 0.00100001
4.122 0.00100001
4.123 0.00100001
4.124 0.00100001
4.125 0.00100001
4.126 0.00100001
4.127 0.00100001
4.128 0.00100001
4.129 0.00100001
4.13 0.00100001
4.131 0.00100001
4.132 0.00100001
4.133 0.00100001
4.134 0.00100001
4.135 0.00100001
4.136 0.00100001
4.137 0.00100001
4.138 0.00100001
4.139 0.00100001
4.14 0.00100001
4.141 0.00100001
4.142 0.00100001
4.143 0.00100001
4.144 0.00100001
4.145 0.00100001
4.146 0.00100001
4.147 0.00100001
4.148 0.00100001
4.149 0.00100001
4.15 0.00100001
4.151 0.00100001
4.152 0.00100001
4.153 0.00100001
4.154 0.00100001
4.155 0.00100001
4.156 0.00100001
4.157 0.00100001
4.158 0.00100001
4.159 0.00100001
4.16 0.00100001
4.161 0.00100001
4.162 0.00100001
4.163 0.00100001
4.164 0.00100001
4.165 0.00100001
4.166 0.00100001
4.167 0.00100001
4.168 0.00100001
4.169 0.00100001
4.17 0.00100001
4.171 0.00100001
4.172 0.00100001
4.173 0.00100001
4.174 0.00100001
4.175 0.00100001
4.176 0.00100001
4.177 0.00100001
4.178 0.00100001
4.179 0.00100001
4.18 0.00100001
4.181 0.00100001
4.182 0.00100001
4.183 0.00100001
4.184 0.00100001
4.185 0.00100001
4.186 0.00100001
4.187 0.00100001
4.188 0.00100001
4.189 0.00100001
4.19 0.00100001
4.191 0.00100001
4.192 0.00100001
4.193 0.00100001
4.194 0.00100001
4.195 0.00100001
4.196 0.00100001
4.197 0.00100001
4.198 0.00100001
4.199 0.00100001
4.2 0.00100001
4.201 0.00100001
4.202 0.00100001
4.203 0.00100001
4.204 0.00100001
4.205 0.00100001
4.206 0.00100001
4.207 0.00100001
4.208 0.00100001
4.209 0.00100001
4.21 0.00100001
4.211 0.00100001
4.212 0.00100001
4.213 0.00100001
4.214 0.00100001
4.215 0.00100001
4.216 0.00100001
4.217 0.00100001
4.218 0.00100001
4.219 0.00100001
4.22 0.00100001
4.221 0.00100001
4.222 0.00100001
4.223 0.00100001
4.224 0.00100001
4.225 0.00100001
4.226 0.00100001
4.227 0.00100001
4.228 0.00100001
4.229 0.00100001
4.23 0.00100001
4.231 0.00100001
4.232 0.00100001
4.233 0.00100001
4.234 0.00100001
4.235 0.00100001
4.236 0.00100001
4.237 0.00100001
4.238 0.00100001
4.239 0.00100001
4.24 0.00100001
4.241 0.00100001
4.242 0.00100001
4.243 0.00100001
4.244 0.00100001
4.245 0.00100001
4.246 0.00100001
4.247 0.00100001
4.248 0.00100001
4.249 0.00100001
4.25 0.00100001
4.251 0.00100001
4.252 0.00100001
4.253 0.00100001
4.254 0.00100001
4.255 0.00100001
4.256 0.00100001
4.257 0.00100001
4.258 0.00100001
4.259 0.00100001
4.26 0.00100001
4.261 0.00100001
4.262 0.00100001
4.263 0.00100001
4.264 0.00100001
4.265 0.00100001
4.266 0.00100001
4.267 0.00100001
4.268 0.00100001
4.269 0.00100001
4.27 0.00100001
4.271 0.00100001
4.272 0.00100001
4.273 0.00100001
4.274 0.00100001
4.275 0.00100001
4.276 0.00100001
4.277 0.00100001
4.278 0.00100001
4.279 0.00100001
4.28 0.00100001
4.281 0.00100001
4.282 0.00100001
4.283 0.00100001
4.284 0.00100001
4.285 0.00100001
4.286 0.00100001
4.287 0.00100001
4.288 0.00100001
4.289 0.00100001
4.29 0.00100001
4.291 0.00100001
4.292 0.00100001
4.293 0.00100001
4.294 0.00100001
4.295 0.00100001
4.296 0.00100001
4.297 0.00100001
4.298 0.00100001
4.299 0.00100001
4.3 0.00100001
4.301 0.00100001
4.302 0.00100001
4.303 0.00100001
4.304 0.00100001
4.305 0.00100001
4.306 0.00100001
4.307 0.00100001
4.308 0.00100001
4.309 0.00100001
4.31 0.00100001
4.311 0.00100001
4.312 0.00100001
4.313 0.00100001
4.314 0.00100001
4.315 0.00100001
4.316 0.00100001
4.317 0.00100001
4.318 0.00100001
4.319 0.00100001
4.32 0.00100001
4.321 0.00100001
4.322 0.00100001
4.323 0.00100001
4.324 0.00100001
4.325 0.00100001
4.326 0.00100001
4.327 0.00100001
4.328 0.00100001
4.329 0.00100001
4.33 0.00100001
4.331 0.00100001
4.332 0.00100001
4.333 0.00100001
4.334 0.00100001
4.335 0.00100001
4.336 0.00100001
4.337 0.00100001
4.338 0.00100001
4.339 0.00100001
4.34 0.00100001
4.341 0.00100001
4.342 0.00100001
4.343 0.00100001
4.344 0.00100001
4.345 0.00100001
4.346 0.00100001
4.347 0.00100001
4.348 0.00100001
4.349 0.00100001
4.35 0.00100001
4.351 0.00100001
4.352 0.00100001
4.353 0.00100001
4.354 0.00100001
4.355 0.00100001
4.356 0.00100001
4.357 0.00100001
4.358 0.00100001
4.359 0.00100001
4.36 0.00100001
4.361 0.00100001
4.362 0.00100001
4.363 0.00100001
4.364 0.00100001
4.365 0.00100001
4.366 0.00100001
4.367 0.00100001
4.368 0.00100001
4.369 0.00100001
4.37 0.00100001
4.371 0.00100001
4.372 0.00100001
4.373 0.00100001
4.374 0.00100001
4.375 0.00100001
4.376 0.00100001
4.377 0.00100001
4.378 0.00100001
4.379 0.00100001
4.38 0.00100001
4.381 0.00100001
4.382 0.00100001
4.383 0.00100001
4.384 0.00100001
4.385 0.00100001
4.386 0.00100001
4.387 0.00100001
4.388 0.00100001
4.389 0.00100001
4.39 0.00100001
4.391 0.00100001
4.392 0.00100001
4.393 0.00100001
4.394 0.00100001
4.395 0.00100001
4.396 0.00100001
4.397 0.00100001
4.398 0.00100001
4.399 0.00100001
4.4 0.00100001
4.401 0.00100001
4.402 0.00100001
4.403 0.00100001
4.404 0.00100001
4.405 0.00100001
4.406 0.00100001
4.407 0.00100001
4.408 0.00100001
4.409 0.00100001
4.41 0.00100001
4.411 0.00100001
4.412 0.00100001
4.413 0.00100001
4.414 0.00100001
4.415 0.00100001
4.416 0.00100001
4.417 0.00100001
4.418 0.00100001
4.419 0.00100001
4.42 0.00100001
4.421 0.00100001
4.422 0.00100001
4.423 0.00100001
4.424 0.00100001
4.425 0.00100001
4.426 0.00100001
4.427 0.00100001
4.428 0.00100001
4.429 0.00100001
4.43 0.00100001
4.431 0.00100001
4.432 0.00100001
4.433 0.00100001
4.434 0.00100001
4.435 0.00100001
4.436 0.00100001
4.437 0.00100001
4.438 0.00100001
4.439 0.00100001
4.44 0.00100001
4.441 0.00100001
4.442 0.00100001
4.443 0.00100001
4.444 0.00100001
4.445 0.00100001
4.446 0.00100001
4.447 0.00100001
4.448 0.00100001
4.449 0.00100001
4.45 0.00100001
4.451 0.00100001
4.452 0.00100001
4.453 0.00100001
4.454 0.00100001
4.455 0.00100001
4.456 0.00100001
4.457 0.00100001
4.458 0.00100001
4.459 0.00100001
4.46 0.00100001
4.461 0.00100001
4.462 0.00100001
4.463 0.00100001
4.464 0.00100001
4.465 0.00100001
4.466 0.00100001
4.467 0.00100001
4.468 0.00100001
4.469 0.00100001
4.47 0.00100001
4.471 0.00100001
4.472 0.00100001
4.473 0.00100001
4.474 0.00100001
4.475 0.00100001
4.476 0.00100001
4.477 0.00100001
4.478 0.00100001
4.479 0.00100001
4.48 0.00100001
4.481 0.00100001
4.482 0.00100001
4.483 0.00100001
4.484 0.00100001
4.485 0.00100001
4.486 0.00100001
4.487 0.00100001
4.488 0.00100001
4.489 0.00100001
4.49 0.00100001
4.491 0.00100001
4.492 0.00100001
4.493 0.00100001
4.494 0.00100001
4.495 0.00100001
4.496 0.00100001
4.497 0.00100001
4.498 0.00100001
4.499 0.00100001
4.5 0.00100001
4.501 0.00100001
4.502 0.00100001
4.503 0.00100001
4.504 0.00100001
4.505 0.00100001
4.506 0.00100001
4.507 0.00100001
4.508 0.00100001
4.509 0.00100001
4.51 0.00100001
4.511 0.00100001
4.512 0.00100001
4.513 0.00100001
4.514 0.00100001
4.515 0.00100001
4.516 0.00100001
4.517 0.00100001
4.518 0.00100001
4.519 0.00100001
4.52 0.00100001
4.521 0.00100001
4.522 0.00100001
4.523 0.00100001
4.524 0.00100001
4.525 0.00100001
4.526 0.00100001
4.527 0.00100001
4.528 0.00100001
4.529 0.00100001
4.53 0.00100001
4.531 0.00100001
4.532 0.00100001
4.533 0.00100001
4.534 0.00100001
4.535 0.00100001
4.536 0.00100001
4.537 0.00100001
4.538 0.00100001
4.539 0.00100001
4.54 0.00100001
4.541 0.00100001
4.542 0.00100001
4.543 0.00100001
4.544 0.00100001
4.545 0.00100001
4.546 0.00100001
4.547 0.00100001
4.548 0.00100001
4.549 0.00100001
4.55 0.00100001
4.551 0.00100001
4.552 0.00100001
4.553 0.00100001
4.554 0.00100001
4.555 0.00100001
4.556 0.00100001
4.557 0.00100001
4.558 0.00100001
4.559 0.00100001
4.56 0.00100001
4.561 0.00100001
4.562 0.00100001
4.563 0.00100001
4.564 0.00100001
4.565 0.00100001
4.566 0.00100001
4.567 0.00100001
4.568 0.00100001
4.569 0.00100001
4.57 0.00100001
4.571 0.00100001
4.572 0.00100001
4.573 0.00100001
4.574 0.00100001
4.575 0.00100001
4.576 0.00100001
4.577 0.00100001
4.578 0.00100001
4.579 0.00100001
4.58 0.00100001
4.581 0.00100001
4.582 0.00100001
4.583 0.00100001
4.584 0.00100001
4.585 0.00100001
4.586 0.00100001
4.587 0.00100001
4.588 0.00100001
4.589 0.00100001
4.59 0.00100001
4.591 0.00100001
4.592 0.00100001
4.593 0.00100001
4.594 0.00100001
4.595 0.00100001
4.596 0.00100001
4.597 0.00100001
4.598 0.00100001
4.599 0.00100001
4.6 0.00100001
4.601 0.00100001
4.602 0.00100001
4.603 0.00100001
4.604 0.00100001
4.605 0.00100001
4.606 0.00100001
4.607 0.00100001
4.608 0.00100001
4.609 0.00100001
4.61 0.00100001
4.611 0.00100001
4.612 0.00100001
4.613 0.00100001
4.614 0.00100001
4.615 0.00100001
4.616 0.00100001
4.617 0.00100001
4.618 0.00100001
4.619 0.00100001
4.62 0.00100001
4.621 0.00100001
4.622 0.00100001
4.623 0.00100001
4.624 0.00100001
4.625 0.00100001
4.626 0.00100001
4.627 0.00100001
4.628 0.00100001
4.629 0.00100001
4.63 0.00100001
4.631 0.00100001
4.632 0.00100001
4.633 0.00100001
4.634 0.00100001
4.635 0.00100001
4.636 0.00100001
4.637 0.00100001
4.638 0.00100001
4.639 0.00100001
4.64 0.00100001
4.641 0.00100001
4.642 0.00100001
4.643 0.00100001
4.644 0.00100001
4.645 0.00100001
4.646 0.00100001
4.647 0.00100001
4.648 0.00100001
4.649 0.00100001
4.65 0.00100001
4.651 0.00100001
4.652 0.00100001
4.653 0.00100001
4.654 0.00100001
4.655 0.00100001
4.656 0.00100001
4.657 0.00100001
4.658 0.00100001
4.659 0.00100001
4.66 0.00100001
4.661 0.00100001
4.662 0.00100001
4.663 0.00100001
4.664 0.00100001
4.665 0.00100001
4.666 0.00100001
4.667 0.00100001
4.668 0.00100001
4.669 0.00100001
4.67 0.00100001
4.671 0.00100001
4.672 0.00100001
4.673 0.00100001
4.674 0.00100001
4.675 0.00100001
4.676 0.00100001
4.677 0.00100001
4.678 0.00100001
4.679 0.00100001
4.68 0.00100001
4.681 0.00100001
4.682 0.00100001
4.683 0.00100001
4.684 0.00100001
4.685 0.00100001
4.686 0.00100001
4.687 0.00100001
4.688 0.00100001
4.689 0.00100001
4.69 0.00100001
4.691 0.00100001
4.692 0.00100001
4.693 0.00100001
4.694 0.00100001
4.695 0.00100001
4.696 0.00100001
4.697 0.00100001
4.698 0.00100001
4.699 0.00100001
4.7 0.00100001
4.701 0.00100001
4.702 0.00100001
4.703 0.00100001
4.704 0.00100001
4.705 0.00100001
4.706 0.00100001
4.707 0.00100001
4.708 0.00100001
4.709 0.00100001
4.71 0.00100001
4.711 0.00100001
4.712 0.00100001
4.713 0.00100001
4.714 0.00100001
4.715 0.00100001
4.716 0.00100001
4.717 0.00100001
4.718 0.00100001
4.719 0.00100001
4.72 0.00100001
4.721 0.00100001
4.722 0.00100001
4.723 0.00100001
4.724 0.00100001
4.725 0.00100001
4.726 0.00100001
4.727 0.00100001
4.728 0.00100001
4.729 0.00100001
4.73 0.00100001
4.731 0.00100001
4.732 0.00100001
4.733 0.00100001
4.734 0.00100001
4.735 0.00100001
4.736 0.00100001
4.737 0.00100001
4.738 0.00100001
4.739 0.00100001
4.74 0.00100001
4.741 0.00100001
4.742 0.00100001
4.743 0.00100001
4.744 0.00100001
4.745 0.00100001
4.746 0.00100001
4.747 0.00100001
4.748 0.00100001
4.749 0.00100001
4.75 0.00100001
4.751 0.00100001
4.752 0.00100001
4.753 0.00100001
4.754 0.00100001
4.755 0.00100001
4.756 0.00100001
4.757 0.00100001
4.758 0.00100001
4.759 0.00100001
4.76 0.00100001
4.761 0.00100001
4.762 0.00100001
4.763 0.00100001
4.764 0.00100001
4.765 0.00100001
4.766 0.00100001
4.767 0.00100001
4.768 0.00100001
4.769 0.00100001
4.77 0.00100001
4.771 0.00100001
4.772 0.00100001
4.773 0.00100001
4.774 0.00100001
4.775 0.00100001
4.776 0.00100001
4.777 0.00100001
4.778 0.00100001
4.779 0.00100001
4.78 0.00100001
4.781 0.00100001
4.782 0.00100001
4.783 0.00100001
4.784 0.00100001
4.785 0.00100001
4.786 0.00100001
4.787 0.00100001
4.788 0.00100001
4.789 0.00100001
4.79 0.00100001
4.791 0.00100001
4.792 0.00100001
4.793 0.00100001
4.794 0.00100001
4.795 0.00100001
4.796 0.00100001
4.797 0.00100001
4.798 0.00100001
4.799 0.00100001
4.8 0.00100001
4.801 0.00100001
4.802 0.00100001
4.803 0.00100001
4.804 0.00100001
4.805 0.00100001
4.806 0.00100001
4.807 0.00100001
4.808 0.00100001
4.809 0.00100001
4.81 0.00100001
4.811 0.00100001
4.812 0.00100001
4.813 0.00100001
4.814 0.00100001
4.815 0.00100001
4.816 0.00100001
4.817 0.00100001
4.818 0.00100001
4.819 0.00100001
4.82 0.00100001
4.821 0.00100001
4.822 0.00100001
4.823 0.00100001
4.824 0.00100001
4.825 0.00100001
4.826 0.00100001
4.827 0.00100001
4.828 0.00100001
4.829 0.00100001
4.83 0.00100001
4.831 0.00100001
4.832 0.00100001
4.833 0.00100001
4.834 0.00100001
4.835 0.00100001
4.836 0.00100001
4.837 0.00100001
4.838 0.00100001
4.839 0.00100001
4.84 0.00100001
4.841 0.00100001
4.842 0.00100001
4.843 0.00100001
4.844 0.00100001
4.845 0.00100001
4.846 0.00100001
4.847 0.00100001
4.848 0.00100001
4.849 0.00100001
4.85 0.00100001
4.851 0.00100001
4.852 0.00100001
4.853 0.00100001
4.854 0.00100001
4.855 0.00100001
4.856 0.00100001
4.857 0.00100001
4.858 0.00100001
4.859 0.00100001
4.86 0.00100001
4.861 0.00100001
4.862 0.00100001
4.863 0.00100001
4.864 0.00100001
4.865 0.00100001
4.866 0.00100001
4.867 0.00100001
4.868 0.00100001
4.869 0.00100001
4.87 0.00100001
4.871 0.00100001
4.872 0.00100001
4.873 0.00100001
4.874 0.00100001
4.875 0.00100001
4.876 0.00100001
4.877 0.00100001
4.878 0.00100001
4.879 0.00100001
4.88 0.00100001
4.881 0.00100001
4.882 0.00100001
4.883 0.00100001
4.884 0.00100001
4.885 0.00100001
4.886 0.00100001
4.887 0.00100001
4.888 0.00100001
4.889 0.00100001
4.89 0.00100001
4.891 0.00100001
4.892 0.00100001
4.893 0.00100001
4.894 0.00100001
4.895 0.00100001
4.896 0.00100001
4.897 0.00100001
4.898 0.00100001
4.899 0.00100001
4.9 0.00100001
4.901 0.00100001
4.902 0.00100001
4.903 0.00100001
4.904 0.00100001
4.905 0.00100001
4.906 0.00100001
4.907 0.00100001
4.908 0.00100001
4.909 0.00100001
4.91 0.00100001
4.911 0.00100001
4.912 0.00100001
4.913 0.00100001
4.914 0.00100001
4.915 0.00100001
4.916 0.00100001
4.917 0.00100001
4.918 0.00100001
4.919 0.00100001
4.92 0.00100001
4.921 0.00100001
4.922 0.00100001
4.923 0.00100001
4.924 0.00100001
4.925 0.00100001
4.926 0.00100001
4.927 0.00100001
4.928 0.00100001
4.929 0.00100001
4.93 0.00100001
4.931 0.00100001
4.932 0.00100001
4.933 0.00100001
4.934 0.00100001
4.935 0.00100001
4.936 0.00100001
4.937 0.00100001
4.938 0.00100001
4.939 0.00100001
4.94 0.00100001
4.941 0.00100001
4.942 0.00100001
4.943 0.00100001
4.944 0.00100001
4.945 0.00100001
4.946 0.00100001
4.947 0.00100001
4.948 0.00100001
4.949 0.00100001
4.95 0.00100001
4.951 0.00100001
4.952 0.00100001
4.953 0.00100001
4.954 0.00100001
4.955 0.00100001
4.956 0.00100001
4.957 0.00100001
4.958 0.00100001
4.959 0.00100001
4.96 0.00100001
4.961 0.00100001
4.962 0.00100001
4.963 0.00100001
4.964 0.00100001
4.965 0.00100001
4.966 0.00100001
4.967 0.00100001
4.968 0.00100001
4.969 0.00100001
4.97 0.00100001
4.971 0.00100001
4.972 0.00100001
4.973 0.00100001
4.974 0.00100001
4.975 0.00100001
4.976 0.00100001
4.977 0.00100001
4.978 0.00100001
4.979 0.00100001
4.98 0.00100001
4.981 0.00100001
4.982 0.00100001
4.983 0.00100001
4.984 0.00100001
4.985 0.00100001
4.986 0.00100001
4.987 0.00100001
4.988 0.00100001
4.989 0.00100001
4.99 0.00100001
4.991 0.00100001
4.992 0.00100001
4.993 0.00100001
4.994 0.00100001
4.995 0.00100001
4.996 0.00100001
4.997 0.00100001
4.998 0.00100001
4.999 0.00100001
5 0.00100002
